0 0.5615234375 0.267578125 0.04296875 0.0859375
0 0.2041015625 0.28125 0.0634765625 0.130859375
0 0.6376953125 0.3583984375 0.068359375 0.13671875
0 0.8017578125 0.0439453125 0.0263671875 0.0478515625
0 0.0634765625 0.466796875 0.052734375 0.1357421875
0 0.654296875 0.61328125 0.1181640625 0.25390625
0 0.1015625 0.1083984375 0.0341796875 0.056640625
0 0.7548828125 0.111328125 0.0302734375 0.0576171875
0 0.6533203125 0.142578125 0.0419921875 0.0732421875
0 0.564453125 0.14453125 0.0322265625 0.064453125
0 0.896484375 0.15234375 0.048828125 0.0732421875
0 0.7294921875 0.212890625 0.052734375 0.0927734375
0 0.0595703125 0.236328125 0.0380859375 0.076171875
0 0.33984375 0.2421875 0.0361328125 0.0703125