1 0.228515625 0.3310546875 0.0673828125 0.1162109375
0 0.4384765625 0.3349609375 0.07421875 0.1142578125
0 0.4111328125 0.5224609375 0.0927734375 0.166015625
0 0.6845703125 0.5234375 0.0830078125 0.16796875
0 0.3525390625 0.1416015625 0.0458984375 0.0751953125
1 0.8076171875 0.19140625 0.0419921875 0.078125
1 0.955078125 0.2099609375 0.0595703125 0.1064453125
0 0.2900390625 0.236328125 0.0546875 0.087890625
0 0.5478515625 0.2373046875 0.0478515625 0.080078125
0 0.064453125 0.244140625 0.0517578125 0.0947265625
0 0.7431640625 0.298828125 0.0703125 0.162109375