0 0.5625 0.3095703125 0.033203125 0.0751953125
0 0.275390625 0.3583984375 0.0556640625 0.13671875
0 0.0546875 0.3828125 0.0576171875 0.13671875
1 0.3916015625 0.390625 0.060546875 0.1337890625
1 0.5810546875 0.4140625 0.0439453125 0.08984375
0 0.650390625 0.4619140625 0.05859375 0.130859375
1 0.4482421875 0.478515625 0.08203125 0.1708984375
0 0.1611328125 0.4921875 0.0703125 0.173828125
0 0.3173828125 0.61328125 0.078125 0.1650390625
1 0.0205078125 0.12890625 0.0341796875 0.0791015625
1 0.24609375 0.201171875 0.0322265625 0.068359375
0 0.4609375 0.228515625 0.0361328125 0.0703125
2 0.3232421875 0.2294921875 0.0341796875 0.0693359375
1 0.3916015625 0.2666015625 0.0361328125 0.083984375
0 0.1611328125 0.2939453125 0.0498046875 0.1064453125