0 0.7412109375 0.1728515625 0.025390625 0.0615234375
2 0.80859375 0.1865234375 0.03125 0.0673828125
0 0.5751953125 0.189453125 0.0341796875 0.0615234375
1 0.6923828125 0.2099609375 0.0341796875 0.0673828125
1 0.83984375 0.2236328125 0.029296875 0.0673828125
1 0.4609375 0.2412109375 0.0361328125 0.078125
1 0.5400390625 0.2470703125 0.029296875 0.0693359375
0 0.5703125 0.2685546875 0.037109375 0.072265625
1 0.2138671875 0.3076171875 0.0283203125 0.076171875
0 0.7197265625 0.3271484375 0.048828125 0.0986328125
0 0.041015625 0.33203125 0.0439453125 0.0966796875
1 0.5166015625 0.345703125 0.0419921875 0.103515625
0 0.3564453125 0.34765625 0.0390625 0.083984375
0 0.927734375 0.3740234375 0.048828125 0.0751953125
0 0.2421875 0.3818359375 0.046875 0.125
0 0.4091796875 0.38671875 0.0419921875 0.1015625
0 0.599609375 0.392578125 0.04296875 0.0966796875
0 0.982421875 0.39453125 0.03515625 0.08984375
0 0.908203125 0.4541015625 0.05078125 0.1123046875
0 0.6962890625 0.47265625 0.046875 0.1064453125
0 0.08984375 0.4775390625 0.0458984375 0.1025390625
0 0.7568359375 0.509765625 0.0595703125 0.1455078125
0 0.4833984375 0.5166015625 0.0478515625 0.126953125
0 0.2578125 0.6435546875 0.06640625 0.1611328125
0 0.873046875 0.7001953125 0.0654296875 0.171875
0 0.9453125 0.16796875 0.029296875 0.0576171875