0 0.923828125 0.2890625 0.064453125 0.10546875
1 0.4482421875 0.2998046875 0.0703125 0.0888671875
0 0.58984375 0.3466796875 0.083984375 0.1162109375
0 0.681640625 0.4765625 0.0751953125 0.1123046875
0 0.083984375 0.5263671875 0.087890625 0.1171875
0 0.267578125 0.0556640625 0.05078125 0.068359375
0 0.5908203125 0.056640625 0.0419921875 0.0771484375
0 0.8720703125 0.0869140625 0.0498046875 0.080078125
0 0.123046875 0.0947265625 0.05859375 0.0771484375
0 0.498046875 0.1123046875 0.052734375 0.072265625
0 0.3173828125 0.12890625 0.0517578125 0.078125
0 0.7275390625 0.1435546875 0.0556640625 0.087890625
0 0.5947265625 0.205078125 0.0654296875 0.09375
0 0.140625 0.21875 0.05859375 0.09375