1 0.1552734375 0.41796875 0.0498046875 0.091796875
1 0.0478515625 0.42578125 0.048828125 0.103515625
0 0.75390625 0.4267578125 0.0380859375 0.09375
0 0.634765625 0.4365234375 0.0341796875 0.0927734375
0 0.556640625 0.4384765625 0.0185546875 0.04296875
0 0.30859375 0.4384765625 0.0234375 0.0458984375
0 0.6669921875 0.4423828125 0.01953125 0.060546875
0 0.244140625 0.4443359375 0.0234375 0.0634765625
0 0.4697265625 0.4443359375 0.0224609375 0.0634765625
0 0.80078125 0.4482421875 0.0400390625 0.0751953125
1 0.9814453125 0.4501953125 0.037109375 0.1142578125
0 0.916015625 0.4580078125 0.025390625 0.0654296875
1 0.3974609375 0.4609375 0.03515625 0.0771484375
0 0.34765625 0.4658203125 0.0361328125 0.08203125
0 0.59375 0.47265625 0.0263671875 0.064453125
1 0.2763671875 0.4814453125 0.02734375 0.060546875