0 0.140625 0.384765625 0.0537109375 0.109375
0 0.06640625 0.408203125 0.046875 0.087890625
1 0.736328125 0.4306640625 0.0400390625 0.1103515625
0 0.806640625 0.439453125 0.0341796875 0.09765625
0 0.470703125 0.4443359375 0.0205078125 0.052734375
1 0.248046875 0.4443359375 0.0244140625 0.064453125
0 0.5546875 0.4443359375 0.015625 0.0390625
1 0.6396484375 0.4453125 0.0380859375 0.10546875
1 0.3994140625 0.455078125 0.0341796875 0.083984375
1 0.912109375 0.4580078125 0.0224609375 0.0537109375
1 0.9814453125 0.462890625 0.037109375 0.09765625
1 0.333984375 0.470703125 0.04296875 0.1083984375
0 0.59375 0.4736328125 0.025390625 0.0615234375
1 0.27734375 0.486328125 0.025390625 0.072265625