1 0.1416015625 0.42578125 0.044921875 0.0859375
1 0.0556640625 0.4306640625 0.046875 0.091796875
1 0.2421875 0.4453125 0.0244140625 0.0576171875
0 0.556640625 0.4462890625 0.0166015625 0.037109375
1 0.78125 0.447265625 0.0224609375 0.060546875
1 0.7265625 0.4501953125 0.03515625 0.0830078125
0 0.46484375 0.4501953125 0.017578125 0.0458984375
1 0.642578125 0.4541015625 0.037109375 0.0810546875
0 0.9150390625 0.4580078125 0.025390625 0.0419921875
0 0.3955078125 0.458984375 0.0283203125 0.0634765625
1 0.9794921875 0.4609375 0.0390625 0.087890625
1 0.8095703125 0.4619140625 0.03515625 0.0751953125
2 0.34765625 0.4677734375 0.02734375 0.078125
1 0.2744140625 0.48046875 0.0283203125 0.0615234375