1 0.13671875 0.4169921875 0.046875 0.0986328125
1 0.041015625 0.435546875 0.052734375 0.0947265625
0 0.5595703125 0.4453125 0.017578125 0.033203125
1 0.2412109375 0.4462890625 0.0224609375 0.0556640625
1 0.7333984375 0.4482421875 0.0341796875 0.0859375
1 0.779296875 0.4482421875 0.0224609375 0.0556640625
1 0.4638671875 0.451171875 0.01953125 0.0478515625
1 0.640625 0.4541015625 0.03515625 0.08203125
1 0.6669921875 0.455078125 0.01953125 0.046875
1 0.9765625 0.4560546875 0.0380859375 0.0869140625
0 0.916015625 0.458984375 0.0244140625 0.048828125
1 0.3935546875 0.458984375 0.03125 0.0654296875
1 0.80859375 0.462890625 0.0390625 0.076171875
0 0.3466796875 0.4658203125 0.0302734375 0.0791015625
1 0.2744140625 0.4853515625 0.0283203125 0.0546875