1 0.1455078125 0.4033203125 0.052734375 0.1025390625
1 0.044921875 0.4228515625 0.041015625 0.08984375
1 0.74609375 0.439453125 0.0361328125 0.087890625
0 0.4697265625 0.4443359375 0.015625 0.0537109375
0 0.5556640625 0.4453125 0.013671875 0.0341796875
1 0.24609375 0.4453125 0.0224609375 0.0537109375
1 0.6298828125 0.4482421875 0.033203125 0.0830078125
1 0.8125 0.45703125 0.033203125 0.0751953125
0 0.9140625 0.458984375 0.021484375 0.0478515625
1 0.3515625 0.462890625 0.029296875 0.0771484375
1 0.9833984375 0.466796875 0.033203125 0.078125
1 0.3955078125 0.46875 0.03125 0.0673828125
0 0.6005859375 0.47265625 0.0234375 0.05078125
1 0.275390625 0.4833984375 0.0263671875 0.0751953125