1 0.154296875 0.41796875 0.0458984375 0.0751953125
0 0.7529296875 0.4248046875 0.033203125 0.0810546875
1 0.044921875 0.4248046875 0.0390625 0.0849609375
0 0.310546875 0.439453125 0.01953125 0.041015625
0 0.2431640625 0.44140625 0.0205078125 0.0478515625
0 0.4716796875 0.443359375 0.0166015625 0.04296875
0 0.666015625 0.4443359375 0.0185546875 0.0400390625
0 0.63671875 0.4443359375 0.0322265625 0.0751953125
0 0.802734375 0.4453125 0.03515625 0.0693359375
0 0.5556640625 0.4453125 0.013671875 0.0361328125
1 0.984375 0.458984375 0.0302734375 0.08203125
0 0.916015625 0.4599609375 0.0224609375 0.0439453125
0 0.3955078125 0.462890625 0.0302734375 0.0654296875
0 0.3486328125 0.46484375 0.0244140625 0.076171875
0 0.5947265625 0.4794921875 0.0234375 0.0537109375
1 0.2763671875 0.482421875 0.025390625 0.0546875