1 0.1494140625 0.3916015625 0.046875 0.09375
1 0.0625 0.431640625 0.046875 0.0947265625
0 0.9775390625 0.443359375 0.044921875 0.0859375
0 0.5576171875 0.4462890625 0.01953125 0.0390625
0 0.4658203125 0.4462890625 0.021484375 0.0576171875
1 0.2412109375 0.447265625 0.0263671875 0.052734375
0 0.9150390625 0.451171875 0.0283203125 0.056640625
1 0.7294921875 0.458984375 0.0390625 0.09375
1 0.3876953125 0.4599609375 0.03125 0.078125
1 0.8154296875 0.462890625 0.0361328125 0.080078125
1 0.6455078125 0.4638671875 0.0390625 0.0830078125
0 0.34375 0.46875 0.029296875 0.0849609375
1 0.275390625 0.4853515625 0.029296875 0.060546875