1 0.1396484375 0.373046875 0.0576171875 0.134765625
1 0.0517578125 0.4189453125 0.05078125 0.087890625
1 0.75 0.4345703125 0.04296875 0.10546875
0 0.4697265625 0.4423828125 0.0146484375 0.0498046875
0 0.5556640625 0.443359375 0.0185546875 0.04296875
1 0.64453125 0.443359375 0.041015625 0.1015625
1 0.2490234375 0.4443359375 0.0205078125 0.060546875
0 0.818359375 0.451171875 0.033203125 0.08203125
0 0.916015625 0.45703125 0.0234375 0.0517578125
1 0.984375 0.4619140625 0.03125 0.1064453125
1 0.3408203125 0.466796875 0.0361328125 0.09765625
1 0.4033203125 0.47265625 0.0341796875 0.08203125
1 0.5947265625 0.47265625 0.025390625 0.0703125
1 0.2783203125 0.482421875 0.0283203125 0.0732421875