0 0.150390625 0.400390625 0.0458984375 0.0888671875
0 0.0517578125 0.416015625 0.0380859375 0.0791015625
0 0.7529296875 0.4228515625 0.033203125 0.078125
0 0.30859375 0.4375 0.017578125 0.0400390625
0 0.2421875 0.443359375 0.01953125 0.0517578125
0 0.4716796875 0.443359375 0.017578125 0.041015625
0 0.8037109375 0.443359375 0.0341796875 0.0693359375
0 0.556640625 0.4443359375 0.015625 0.0322265625
0 0.6650390625 0.4453125 0.017578125 0.04296875
0 0.6357421875 0.4462890625 0.0302734375 0.0771484375
1 0.984375 0.45703125 0.0302734375 0.083984375
1 0.3583984375 0.458984375 0.0205078125 0.072265625
0 0.916015625 0.458984375 0.0205078125 0.0390625
0 0.3974609375 0.462890625 0.029296875 0.0615234375
2 0.5947265625 0.478515625 0.021484375 0.0517578125
1 0.2763671875 0.4814453125 0.0244140625 0.0615234375