0 0.1328125 0.390625 0.0458984375 0.099609375
0 0.0625 0.4208984375 0.037109375 0.0771484375
0 0.466796875 0.4453125 0.015625 0.0400390625
0 0.98046875 0.4453125 0.0380859375 0.083984375
1 0.7841796875 0.4462890625 0.0224609375 0.0537109375
1 0.240234375 0.4482421875 0.0224609375 0.0478515625
1 0.55859375 0.4482421875 0.0146484375 0.03515625
0 0.916015625 0.4541015625 0.0205078125 0.04296875
1 0.71875 0.4599609375 0.0341796875 0.0791015625
1 0.64453125 0.4638671875 0.0322265625 0.07421875
1 0.81640625 0.4638671875 0.03125 0.0732421875
0 0.345703125 0.466796875 0.02734375 0.0712890625
1 0.388671875 0.466796875 0.0263671875 0.0595703125
0 0.6005859375 0.4716796875 0.0244140625 0.048828125
1 0.2744140625 0.484375 0.0244140625 0.0595703125