1 0.1494140625 0.388671875 0.0673828125 0.154296875
1 0.0478515625 0.423828125 0.0634765625 0.1083984375
1 0.24609375 0.4404296875 0.0205078125 0.060546875
1 0.75 0.4404296875 0.041015625 0.0986328125
0 0.4697265625 0.44140625 0.0166015625 0.05078125
1 0.634765625 0.443359375 0.044921875 0.0966796875
0 0.5556640625 0.443359375 0.017578125 0.0400390625
0 0.8203125 0.44921875 0.0341796875 0.087890625
1 0.9169921875 0.45703125 0.02734375 0.0556640625
1 0.9814453125 0.462890625 0.037109375 0.09375
0 0.34375 0.462890625 0.0361328125 0.0927734375
1 0.3994140625 0.4677734375 0.03125 0.0791015625
0 0.5966796875 0.4755859375 0.0263671875 0.0625
1 0.2763671875 0.4814453125 0.02734375 0.0693359375