0 0.1396484375 0.3896484375 0.048828125 0.103515625
0 0.0703125 0.4091796875 0.0458984375 0.0927734375
1 0.748046875 0.4326171875 0.041015625 0.1044921875
1 0.6474609375 0.44140625 0.0478515625 0.1103515625
1 0.248046875 0.443359375 0.0205078125 0.060546875
0 0.46875 0.443359375 0.015625 0.052734375
0 0.556640625 0.4443359375 0.01953125 0.0390625
0 0.80859375 0.4462890625 0.0390625 0.080078125
0 0.9130859375 0.4599609375 0.0234375 0.0478515625
1 0.3408203125 0.4599609375 0.0400390625 0.1015625
1 0.9814453125 0.4658203125 0.037109375 0.087890625
0 0.404296875 0.466796875 0.0283203125 0.083984375
1 0.5927734375 0.4775390625 0.0244140625 0.0673828125
1 0.2783203125 0.482421875 0.029296875 0.0732421875