0 0.12890625 0.3876953125 0.044921875 0.099609375
1 0.048828125 0.4267578125 0.0361328125 0.08203125
0 0.466796875 0.4462890625 0.0146484375 0.046875
0 0.978515625 0.4462890625 0.0380859375 0.0888671875
0 0.783203125 0.4462890625 0.01953125 0.048828125
1 0.30078125 0.447265625 0.0244140625 0.0478515625
1 0.55859375 0.44921875 0.017578125 0.033203125
1 0.2392578125 0.44921875 0.0205078125 0.048828125
1 0.8095703125 0.451171875 0.0322265625 0.0693359375
0 0.9208984375 0.4541015625 0.0185546875 0.041015625
1 0.71875 0.4599609375 0.0361328125 0.0849609375
1 0.390625 0.4599609375 0.029296875 0.0615234375
1 0.646484375 0.4658203125 0.033203125 0.0791015625
0 0.345703125 0.466796875 0.03125 0.076171875
1 0.6044921875 0.4697265625 0.0234375 0.05078125
1 0.2734375 0.4814453125 0.029296875 0.0673828125