0 0.1484375 0.392578125 0.04296875 0.0810546875
0 0.0634765625 0.41796875 0.0361328125 0.0751953125
0 0.751953125 0.423828125 0.033203125 0.0810546875
0 0.3076171875 0.439453125 0.01953125 0.04296875
0 0.2412109375 0.443359375 0.01953125 0.05078125
0 0.470703125 0.443359375 0.017578125 0.0390625
0 0.5546875 0.4443359375 0.015625 0.0341796875
0 0.666015625 0.4443359375 0.0185546875 0.0390625
0 0.8115234375 0.4453125 0.03125 0.0673828125
0 0.634765625 0.447265625 0.0322265625 0.0771484375
1 0.4111328125 0.4599609375 0.02734375 0.0654296875
0 0.9150390625 0.4599609375 0.01953125 0.04296875
1 0.984375 0.4599609375 0.03125 0.0810546875
1 0.3662109375 0.4619140625 0.01953125 0.0693359375
0 0.595703125 0.48046875 0.0244140625 0.0546875
1 0.2744140625 0.484375 0.0224609375 0.056640625