1 0.140625 0.4248046875 0.0400390625 0.08203125
1 0.0400390625 0.435546875 0.0439453125 0.0869140625
0 0.560546875 0.443359375 0.0146484375 0.0361328125
1 0.2392578125 0.447265625 0.0224609375 0.056640625
1 0.4638671875 0.4501953125 0.0166015625 0.046875
1 0.732421875 0.451171875 0.03515625 0.0869140625
1 0.9228515625 0.455078125 0.021484375 0.044921875
1 0.982421875 0.4580078125 0.0341796875 0.0859375
1 0.640625 0.4599609375 0.03125 0.0810546875
1 0.8115234375 0.4638671875 0.0322265625 0.0732421875
1 0.3916015625 0.46484375 0.029296875 0.07421875
0 0.3466796875 0.4697265625 0.03125 0.078125
0 0.59765625 0.4716796875 0.0234375 0.0634765625
1 0.2744140625 0.478515625 0.029296875 0.0849609375