1 0.16796875 0.404296875 0.04296875 0.080078125
1 0.0693359375 0.41796875 0.041015625 0.0810546875
0 0.7529296875 0.4228515625 0.033203125 0.0810546875
0 0.310546875 0.4384765625 0.0205078125 0.041015625
0 0.2431640625 0.4423828125 0.0224609375 0.056640625
0 0.4716796875 0.443359375 0.0166015625 0.041015625
1 0.783203125 0.443359375 0.01953125 0.052734375
0 0.5556640625 0.4453125 0.0126953125 0.0302734375
0 0.81640625 0.4453125 0.03125 0.068359375
0 0.6357421875 0.4453125 0.03125 0.0771484375
0 0.666015625 0.4453125 0.0166015625 0.0390625
1 0.412109375 0.458984375 0.0234375 0.0595703125
1 0.984375 0.458984375 0.03125 0.0830078125
0 0.916015625 0.4599609375 0.01953125 0.0419921875
1 0.3681640625 0.46484375 0.017578125 0.0673828125
0 0.595703125 0.48046875 0.0224609375 0.046875
1 0.2744140625 0.4814453125 0.0283203125 0.0615234375