0 0.1328125 0.39453125 0.048828125 0.0908203125
0 0.0703125 0.4140625 0.0390625 0.0810546875
0 0.46875 0.443359375 0.0166015625 0.0458984375
0 0.6689453125 0.443359375 0.017578125 0.0419921875
1 0.2421875 0.4462890625 0.021484375 0.0517578125
0 0.5546875 0.4462890625 0.015625 0.0390625
1 0.724609375 0.447265625 0.033203125 0.083984375
1 0.6435546875 0.451171875 0.0322265625 0.0771484375
0 0.9150390625 0.4599609375 0.0244140625 0.0478515625
1 0.392578125 0.462890625 0.029296875 0.0712890625
1 0.80859375 0.4658203125 0.037109375 0.0751953125
1 0.3515625 0.46875 0.021484375 0.083984375
1 0.984375 0.4697265625 0.0302734375 0.0859375
1 0.5986328125 0.4755859375 0.0224609375 0.0556640625
1 0.275390625 0.486328125 0.0283203125 0.0576171875