0 0.1513671875 0.408203125 0.04296875 0.095703125
0 0.0712890625 0.4130859375 0.0439453125 0.08984375
1 0.671875 0.4384765625 0.025390625 0.064453125
0 0.5556640625 0.4404296875 0.015625 0.0498046875
1 0.740234375 0.44140625 0.0390625 0.0947265625
0 0.470703125 0.443359375 0.0185546875 0.060546875
1 0.6416015625 0.4453125 0.0400390625 0.1015625
0 0.912109375 0.45703125 0.0224609375 0.05859375
1 0.396484375 0.458984375 0.033203125 0.0751953125
1 0.9814453125 0.466796875 0.037109375 0.1015625
1 0.8115234375 0.46875 0.033203125 0.072265625
1 0.3544921875 0.4697265625 0.029296875 0.0830078125
0 0.6005859375 0.4736328125 0.0244140625 0.0576171875
1 0.275390625 0.484375 0.03125 0.0712890625