0 0.146484375 0.39453125 0.044921875 0.0966796875
1 0.0625 0.4140625 0.044921875 0.09765625
1 0.466796875 0.4453125 0.01953125 0.0419921875
1 0.783203125 0.447265625 0.0244140625 0.0546875
0 0.98046875 0.447265625 0.0390625 0.08203125
1 0.2412109375 0.4482421875 0.0205078125 0.0517578125
1 0.5576171875 0.4482421875 0.015625 0.0341796875
0 0.9130859375 0.453125 0.021484375 0.0400390625
1 0.72265625 0.455078125 0.0322265625 0.0810546875
1 0.81640625 0.46484375 0.03125 0.0712890625
0 0.3447265625 0.46484375 0.029296875 0.080078125
1 0.6435546875 0.466796875 0.0322265625 0.0712890625
1 0.388671875 0.4677734375 0.0302734375 0.0654296875
0 0.6015625 0.4765625 0.0234375 0.056640625
1 0.275390625 0.4873046875 0.02734375 0.056640625