0 0.146484375 0.4052734375 0.041015625 0.0908203125
0 0.0673828125 0.412109375 0.0380859375 0.080078125
0 0.7529296875 0.4248046875 0.0390625 0.0830078125
0 0.244140625 0.44140625 0.01953125 0.0576171875
0 0.4697265625 0.44140625 0.0185546875 0.0546875
0 0.814453125 0.4443359375 0.03515625 0.078125
0 0.6357421875 0.4453125 0.0361328125 0.080078125
0 0.5546875 0.447265625 0.017578125 0.033203125
0 0.666015625 0.447265625 0.01953125 0.0439453125
1 0.9794921875 0.453125 0.041015625 0.08984375
0 0.400390625 0.455078125 0.03125 0.072265625
0 0.9140625 0.455078125 0.021484375 0.048828125
0 0.345703125 0.4677734375 0.0263671875 0.080078125
0 0.5947265625 0.4736328125 0.0302734375 0.0517578125
1 0.2734375 0.478515625 0.025390625 0.06640625