0 0.15234375 0.396484375 0.05859375 0.14453125
0 0.0556640625 0.4150390625 0.0556640625 0.103515625
1 0.6689453125 0.4345703125 0.021484375 0.0546875
1 0.7490234375 0.4375 0.0458984375 0.1044921875
0 0.4697265625 0.4404296875 0.017578125 0.0498046875
0 0.5556640625 0.4404296875 0.0166015625 0.04296875
1 0.2431640625 0.4453125 0.025390625 0.056640625
1 0.6376953125 0.447265625 0.0380859375 0.09375
0 0.91015625 0.4560546875 0.029296875 0.060546875
1 0.810546875 0.4638671875 0.0380859375 0.0859375
1 0.396484375 0.46484375 0.03515625 0.0859375
1 0.357421875 0.466796875 0.029296875 0.0927734375
0 0.6005859375 0.46875 0.0244140625 0.0634765625
1 0.9814453125 0.466796875 0.037109375 0.10546875
1 0.275390625 0.48046875 0.0283203125 0.072265625