0 0.13671875 0.3896484375 0.05078125 0.1083984375
0 0.0654296875 0.40625 0.041015625 0.083984375
1 0.740234375 0.4345703125 0.0400390625 0.0986328125
0 0.46875 0.4443359375 0.01953125 0.05078125
0 0.5546875 0.4443359375 0.0166015625 0.0361328125
0 0.8125 0.4443359375 0.0361328125 0.0869140625
1 0.2451171875 0.4453125 0.0234375 0.0537109375
1 0.6337890625 0.44921875 0.0341796875 0.0908203125
1 0.6650390625 0.451171875 0.017578125 0.0546875
1 0.396484375 0.451171875 0.0302734375 0.078125
1 0.9794921875 0.455078125 0.0400390625 0.0810546875
0 0.9130859375 0.45703125 0.025390625 0.0546875
1 0.33984375 0.4609375 0.03515625 0.095703125
0 0.59375 0.4755859375 0.0234375 0.0556640625
1 0.2822265625 0.4833984375 0.0263671875 0.0673828125