0 0.7021484375 0.32421875 0.0927734375 0.205078125
0 0.103515625 0.6181640625 0.20703125 0.5576171875
0 0.9013671875 0.0703125 0.03125 0.0634765625
0 0.60546875 0.072265625 0.0322265625 0.0546875
0 0.6416015625 0.0927734375 0.03515625 0.0703125
1 0.275390625 0.1015625 0.0234375 0.0537109375
0 0.68359375 0.1162109375 0.0341796875 0.076171875
0 0.197265625 0.12890625 0.0263671875 0.064453125
0 0.2373046875 0.12890625 0.041015625 0.0947265625
0 0.431640625 0.1357421875 0.0361328125 0.080078125
0 0.5419921875 0.1357421875 0.0390625 0.0830078125
0 0.7294921875 0.1484375 0.044921875 0.09375
0 0.345703125 0.1513671875 0.0634765625 0.14453125
0 0.9072265625 0.16015625 0.0498046875 0.0947265625
1 0.1396484375 0.181640625 0.056640625 0.0830078125
0 0.57421875 0.201171875 0.0615234375 0.123046875
0 0.8203125 0.2265625 0.0712890625 0.146484375