0 0.0703125 0.341796875 0.0341796875 0.0830078125
1 0.73828125 0.34375 0.037109375 0.078125
0 0.3193359375 0.376953125 0.03515625 0.0888671875
1 0.8369140625 0.404296875 0.0361328125 0.0771484375
0 0.6484375 0.4072265625 0.04296875 0.08984375
0 0.2666015625 0.4140625 0.03125 0.091796875
0 0.517578125 0.423828125 0.0361328125 0.0810546875
0 0.4736328125 0.4443359375 0.0380859375 0.0908203125
0 0.5869140625 0.462890625 0.0390625 0.0732421875
0 0.1630859375 0.4794921875 0.0458984375 0.115234375
0 0.376953125 0.5244140625 0.048828125 0.1083984375
0 0.90625 0.53515625 0.0615234375 0.146484375