0 0.845703125 0.18359375 0.0361328125 0.068359375
0 0.5810546875 0.1875 0.0341796875 0.0791015625
0 0.4091796875 0.2021484375 0.037109375 0.07421875
0 0.37109375 0.2744140625 0.03515625 0.08203125
0 0.814453125 0.2958984375 0.0400390625 0.0966796875
0 0.287109375 0.3037109375 0.037109375 0.076171875
1 0.6943359375 0.3046875 0.0458984375 0.0888671875
1 0.193359375 0.3056640625 0.03515625 0.0712890625
0 0.603515625 0.3154296875 0.0400390625 0.07421875
0 0.1181640625 0.41015625 0.0390625 0.080078125
0 0.2265625 0.431640625 0.033203125 0.0830078125
0 0.546875 0.435546875 0.04296875 0.091796875
0 0.392578125 0.4609375 0.037109375 0.0859375
0 0.6953125 0.4736328125 0.048828125 0.1064453125
1 0.80078125 0.5107421875 0.037109375 0.0654296875
1 0.1103515625 0.5966796875 0.0419921875 0.083984375
1 0.23828125 0.630859375 0.0576171875 0.0869140625
1 0.64453125 0.7080078125 0.0576171875 0.115234375
0 0.93359375 0.080078125 0.0283203125 0.06640625
0 0.8408203125 0.0869140625 0.0302734375 0.05859375
1 0.6708984375 0.0869140625 0.0419921875 0.0654296875
1 0.7607421875 0.0908203125 0.0361328125 0.0576171875
0 0.513671875 0.1064453125 0.0341796875 0.068359375