0 0.3193359375 0.33203125 0.0126953125 0.0283203125
0 0.3486328125 0.3427734375 0.0146484375 0.0341796875
0 0.0888671875 0.3720703125 0.0224609375 0.0439453125
0 0.2490234375 0.3720703125 0.015625 0.0302734375
1 0.296875 0.375 0.015625 0.033203125
0 0.35546875 0.3916015625 0.013671875 0.0302734375
1 0.146484375 0.41015625 0.0234375 0.0419921875
1 0.689453125 0.4130859375 0.0244140625 0.048828125
1 0.91015625 0.42578125 0.0234375 0.0390625
1 0.7666015625 0.44140625 0.0234375 0.052734375
1 0.5283203125 0.4501953125 0.0283203125 0.056640625
1 0.9072265625 0.4775390625 0.0361328125 0.05078125
1 0.5927734375 0.4912109375 0.0302734375 0.060546875
1 0.716796875 0.5322265625 0.03515625 0.060546875
0 0.85546875 0.56640625 0.0380859375 0.0810546875
1 0.4599609375 0.611328125 0.0458984375 0.08203125
0 0.1103515625 0.6123046875 0.0419921875 0.0859375
1 0.6640625 0.677734375 0.05078125 0.103515625
0 0.2265625 0.7685546875 0.0537109375 0.0791015625