1 0.2978515625 0.3232421875 0.015625 0.025390625
1 0.423828125 0.330078125 0.0126953125 0.0244140625
1 0.4453125 0.3349609375 0.0126953125 0.0224609375
1 0.5048828125 0.34765625 0.0146484375 0.0244140625
1 0.212890625 0.3505859375 0.013671875 0.021484375
1 0.359375 0.3505859375 0.013671875 0.025390625
1 0.0966796875 0.359375 0.0185546875 0.0361328125
1 0.2509765625 0.3720703125 0.0146484375 0.0263671875
1 0.2890625 0.3798828125 0.015625 0.029296875
1 0.3505859375 0.3974609375 0.01171875 0.0263671875
1 0.91015625 0.4306640625 0.01953125 0.0361328125
1 0.76171875 0.4462890625 0.0224609375 0.0517578125
1 0.599609375 0.482421875 0.0244140625 0.0458984375
1 0.72265625 0.4951171875 0.0263671875 0.0625
1 0.857421875 0.5771484375 0.0341796875 0.0595703125
1 0.458984375 0.5830078125 0.0390625 0.0712890625
1 0.654296875 0.6552734375 0.0400390625 0.08984375