0 0.2685546875 0.3740234375 0.0107421875 0.0322265625
0 0.2900390625 0.375 0.015625 0.03125
0 0.1298828125 0.380859375 0.021484375 0.0390625
0 0.3583984375 0.3837890625 0.015625 0.033203125
1 0.166015625 0.39453125 0.02734375 0.0478515625
0 0.69921875 0.412109375 0.0224609375 0.0390625
0 0.90625 0.4228515625 0.0224609375 0.0390625
0 0.748046875 0.4306640625 0.0224609375 0.0478515625
0 0.5234375 0.4462890625 0.0234375 0.05078125
0 0.9462890625 0.474609375 0.0283203125 0.0556640625
1 0.58984375 0.4951171875 0.025390625 0.048828125
0 0.693359375 0.5126953125 0.029296875 0.0615234375
1 0.4716796875 0.564453125 0.05078125 0.0888671875
0 0.8525390625 0.5732421875 0.0380859375 0.076171875
0 0.1162109375 0.61328125 0.0419921875 0.0927734375
0 0.65625 0.6865234375 0.041015625 0.0966796875