1 0.37890625 0.3173828125 0.009765625 0.0224609375
1 0.4208984375 0.3330078125 0.01171875 0.01953125
1 0.318359375 0.3330078125 0.0107421875 0.0224609375
1 0.4560546875 0.3369140625 0.0107421875 0.0224609375
1 0.34765625 0.3369140625 0.01171875 0.0263671875
1 0.494140625 0.3486328125 0.0126953125 0.0234375
0 0.2685546875 0.369140625 0.0126953125 0.0263671875
2 0.09375 0.37109375 0.015625 0.033203125
0 0.296875 0.376953125 0.0146484375 0.0302734375
1 0.3583984375 0.3984375 0.01171875 0.0224609375
0 0.685546875 0.4072265625 0.0234375 0.044921875
2 0.13671875 0.416015625 0.017578125 0.0341796875
1 0.908203125 0.4228515625 0.0185546875 0.044921875
0 0.76171875 0.4453125 0.0205078125 0.0439453125
1 0.52734375 0.4521484375 0.0234375 0.0439453125
1 0.921875 0.466796875 0.0244140625 0.0478515625
0 0.5927734375 0.486328125 0.025390625 0.0498046875
1 0.712890625 0.5205078125 0.0302734375 0.0595703125
0 0.8671875 0.5712890625 0.037109375 0.07421875
2 0.47265625 0.587890625 0.0458984375 0.0810546875
1 0.650390625 0.6708984375 0.0380859375 0.08984375