1 0.2978515625 0.3720703125 0.015625 0.0322265625
1 0.0732421875 0.3740234375 0.0205078125 0.025390625
1 0.2724609375 0.3740234375 0.0126953125 0.0322265625
1 0.361328125 0.3818359375 0.015625 0.0322265625
2 0.1337890625 0.3837890625 0.0166015625 0.0380859375
0 0.17578125 0.3994140625 0.0166015625 0.037109375
1 0.90625 0.4228515625 0.01953125 0.0341796875
2 0.6953125 0.427734375 0.0185546875 0.044921875
1 0.5302734375 0.453125 0.02734375 0.056640625
1 0.7578125 0.4638671875 0.0244140625 0.044921875
1 0.892578125 0.4716796875 0.025390625 0.0517578125
1 0.5869140625 0.498046875 0.025390625 0.0517578125
1 0.71484375 0.5283203125 0.029296875 0.0546875
2 0.5146484375 0.544921875 0.04296875 0.07421875
2 0.853515625 0.568359375 0.0341796875 0.068359375
1 0.1015625 0.6494140625 0.052734375 0.0751953125
0 0.658203125 0.654296875 0.0478515625 0.09765625
0 0.228515625 0.771484375 0.0615234375 0.064453125