1 0.34765625 0.3369140625 0.017578125 0.0390625
0 0.0732421875 0.37109375 0.025390625 0.0361328125
0 0.2958984375 0.3740234375 0.0146484375 0.037109375
2 0.2568359375 0.376953125 0.0166015625 0.0361328125
0 0.1328125 0.3828125 0.015625 0.0380859375
0 0.357421875 0.39453125 0.013671875 0.03125
1 0.150390625 0.40625 0.017578125 0.0400390625
0 0.685546875 0.408203125 0.021484375 0.0478515625
1 0.9091796875 0.4150390625 0.01953125 0.0458984375
1 0.5244140625 0.4482421875 0.021484375 0.0478515625
1 0.7666015625 0.4501953125 0.0224609375 0.0458984375
0 0.923828125 0.4599609375 0.03125 0.064453125
1 0.5927734375 0.484375 0.0244140625 0.0458984375
1 0.7119140625 0.515625 0.0283203125 0.060546875
0 0.8671875 0.5859375 0.0380859375 0.0791015625
1 0.45703125 0.6044921875 0.041015625 0.0849609375
0 0.6396484375 0.6494140625 0.0380859375 0.09375