0 0.8466796875 0.4609375 0.01953125 0.0400390625
0 0.6904296875 0.498046875 0.017578125 0.0458984375
0 0.6201171875 0.50390625 0.0166015625 0.029296875
0 0.7529296875 0.51171875 0.0185546875 0.03515625
1 0.298828125 0.525390625 0.01953125 0.0361328125
1 0.2666015625 0.5341796875 0.015625 0.029296875
1 0.392578125 0.546875 0.0224609375 0.0419921875
1 0.3271484375 0.55078125 0.021484375 0.029296875
0 0.6865234375 0.5634765625 0.029296875 0.0498046875
0 0.5625 0.5673828125 0.0224609375 0.041015625
0 0.8232421875 0.609375 0.029296875 0.0546875