1 0.859375 0.4619140625 0.017578125 0.029296875
0 0.3466796875 0.4853515625 0.013671875 0.02734375
0 0.693359375 0.4921875 0.0185546875 0.0400390625
0 0.6220703125 0.5029296875 0.0166015625 0.037109375
0 0.7626953125 0.5078125 0.021484375 0.0361328125
0 0.3076171875 0.517578125 0.015625 0.0361328125
1 0.2236328125 0.525390625 0.0166015625 0.0263671875
0 0.3974609375 0.5361328125 0.0146484375 0.0380859375
1 0.3251953125 0.5419921875 0.017578125 0.029296875
0 0.6884765625 0.5576171875 0.0263671875 0.052734375
0 0.5703125 0.576171875 0.0263671875 0.0400390625
1 0.8486328125 0.5947265625 0.0322265625 0.0625