1 0.322265625 0.3330078125 0.0224609375 0.0263671875
0 0.072265625 0.375 0.0205078125 0.03515625
0 0.25390625 0.375 0.015625 0.033203125
1 0.1259765625 0.376953125 0.0224609375 0.0380859375
1 0.2900390625 0.3779296875 0.017578125 0.037109375
0 0.357421875 0.392578125 0.017578125 0.03125
1 0.166015625 0.4052734375 0.0244140625 0.044921875
1 0.908203125 0.4248046875 0.0263671875 0.0439453125
1 0.7001953125 0.4296875 0.02734375 0.05078125
1 0.7666015625 0.44921875 0.029296875 0.05078125
1 0.52734375 0.453125 0.0302734375 0.05859375
0 0.951171875 0.478515625 0.0380859375 0.06640625
1 0.5927734375 0.4990234375 0.029296875 0.0498046875
1 0.7119140625 0.5244140625 0.03515625 0.0634765625
1 0.8623046875 0.5537109375 0.0390625 0.0751953125
1 0.4697265625 0.609375 0.0498046875 0.08203125
0 0.11328125 0.6142578125 0.05078125 0.0966796875
1 0.595703125 0.6787109375 0.05078125 0.107421875
1 0.2001953125 0.779296875 0.0712890625 0.0859375