0 0.6708984375 0.43359375 0.0126953125 0.021484375
1 0.5439453125 0.44140625 0.0107421875 0.02734375
0 0.5126953125 0.4599609375 0.01171875 0.0224609375
0 0.8603515625 0.462890625 0.0185546875 0.0322265625
0 0.69140625 0.5009765625 0.0166015625 0.0419921875
0 0.6220703125 0.501953125 0.015625 0.0341796875
0 0.7646484375 0.5068359375 0.01953125 0.037109375
0 0.2607421875 0.52734375 0.013671875 0.0302734375
0 0.2958984375 0.533203125 0.0185546875 0.03125
1 0.3984375 0.5380859375 0.0166015625 0.0390625
1 0.3212890625 0.5439453125 0.021484375 0.0322265625
0 0.6953125 0.5673828125 0.0322265625 0.0576171875
0 0.57421875 0.572265625 0.0322265625 0.046875
0 0.8466796875 0.5908203125 0.0341796875 0.064453125