2 0.4599609375 0.3359375 0.017578125 0.0302734375
0 0.0751953125 0.3720703125 0.0263671875 0.0400390625
0 0.25 0.375 0.01953125 0.0380859375
0 0.2919921875 0.3759765625 0.01953125 0.03515625
1 0.126953125 0.37890625 0.021484375 0.03515625
0 0.35546875 0.388671875 0.017578125 0.0302734375
1 0.1669921875 0.4052734375 0.02734375 0.046875
0 0.6884765625 0.4150390625 0.0224609375 0.0498046875
1 0.90234375 0.419921875 0.0302734375 0.0703125
0 0.75390625 0.4365234375 0.025390625 0.0517578125
1 0.5283203125 0.451171875 0.0263671875 0.046875
0 0.9267578125 0.46484375 0.0361328125 0.056640625
1 0.7119140625 0.51171875 0.0478515625 0.123046875
2 0.599609375 0.5166015625 0.0341796875 0.064453125
0 0.51171875 0.5224609375 0.0341796875 0.080078125
1 0.8544921875 0.611328125 0.041015625 0.0732421875
1 0.03515625 0.6494140625 0.0537109375 0.0771484375
1 0.62890625 0.6748046875 0.0693359375 0.150390625