0 0.0869140625 0.3740234375 0.0205078125 0.033203125
0 0.2509765625 0.3740234375 0.013671875 0.0322265625
0 0.2890625 0.3779296875 0.015625 0.0361328125
0 0.1240234375 0.3798828125 0.01953125 0.0322265625
0 0.35546875 0.38671875 0.0107421875 0.0302734375
1 0.1630859375 0.4033203125 0.0166015625 0.037109375
0 0.689453125 0.4169921875 0.0224609375 0.044921875
1 0.9072265625 0.427734375 0.01953125 0.0361328125
0 0.7568359375 0.4375 0.0244140625 0.0478515625
1 0.529296875 0.455078125 0.01953125 0.044921875
0 0.9345703125 0.47265625 0.033203125 0.06640625
2 0.595703125 0.51171875 0.02734375 0.0546875
1 0.708984375 0.521484375 0.0283203125 0.056640625
0 0.5107421875 0.5419921875 0.0361328125 0.072265625
1 0.8681640625 0.6171875 0.0400390625 0.072265625
0 0.642578125 0.646484375 0.0380859375 0.09375