1 0.3193359375 0.33203125 0.01953125 0.03125
0 0.125 0.373046875 0.0234375 0.0341796875
1 0.072265625 0.3740234375 0.0263671875 0.029296875
0 0.2919921875 0.3759765625 0.017578125 0.033203125
1 0.2578125 0.37890625 0.0185546875 0.0322265625
0 0.3564453125 0.3916015625 0.015625 0.03515625
1 0.16796875 0.3994140625 0.029296875 0.044921875
0 0.69921875 0.416015625 0.0234375 0.05078125
1 0.90625 0.4248046875 0.0234375 0.0419921875
1 0.763671875 0.4521484375 0.025390625 0.0537109375
1 0.52734375 0.4541015625 0.0283203125 0.05078125
0 0.9482421875 0.4892578125 0.037109375 0.0576171875
1 0.587890625 0.4970703125 0.029296875 0.052734375
1 0.7119140625 0.5166015625 0.0478515625 0.1005859375
0 0.849609375 0.58203125 0.037109375 0.0830078125
1 0.47265625 0.5859375 0.0439453125 0.08203125
1 0.0234375 0.662109375 0.046875 0.0791015625
1 0.65625 0.6875 0.0439453125 0.1005859375
1 0.1748046875 0.81640625 0.0654296875 0.0751953125