0 0.7705078125 0.431640625 0.017578125 0.025390625
1 0.7099609375 0.4326171875 0.017578125 0.0244140625
1 0.6728515625 0.43359375 0.015625 0.0263671875
0 0.82421875 0.4365234375 0.017578125 0.0234375
1 0.6923828125 0.4501953125 0.017578125 0.0302734375
1 0.4326171875 0.4560546875 0.0166015625 0.02734375
0 0.513671875 0.45703125 0.0166015625 0.0263671875
0 0.84765625 0.4619140625 0.0185546875 0.03125
0 0.7939453125 0.4619140625 0.0205078125 0.029296875
0 0.470703125 0.462890625 0.0146484375 0.03125
1 0.34375 0.484375 0.015625 0.025390625
0 0.39453125 0.4853515625 0.0185546875 0.0224609375
1 0.310546875 0.4853515625 0.0126953125 0.021484375
1 0.427734375 0.4873046875 0.017578125 0.0302734375
0 0.6884765625 0.4970703125 0.0166015625 0.0400390625
0 0.6181640625 0.4990234375 0.015625 0.03515625
0 0.767578125 0.5029296875 0.01953125 0.033203125
0 0.30078125 0.5205078125 0.01953125 0.0361328125
0 0.2529296875 0.5263671875 0.017578125 0.029296875
2 0.3291015625 0.537109375 0.0205078125 0.0390625
1 0.3955078125 0.5390625 0.0205078125 0.041015625
0 0.681640625 0.560546875 0.0302734375 0.0625
0 0.544921875 0.5693359375 0.03125 0.0341796875
0 0.841796875 0.611328125 0.0322265625 0.048828125