0 0.66796875 0.43359375 0.01171875 0.01953125
0 0.5439453125 0.44140625 0.009765625 0.01953125
1 0.6982421875 0.4580078125 0.0146484375 0.025390625
1 0.859375 0.4580078125 0.0185546875 0.029296875
1 0.513671875 0.4677734375 0.013671875 0.0234375
1 0.7685546875 0.46875 0.015625 0.0224609375
1 0.306640625 0.4853515625 0.0126953125 0.0263671875
0 0.34375 0.4853515625 0.013671875 0.021484375
1 0.4267578125 0.4912109375 0.015625 0.02734375
1 0.623046875 0.50390625 0.0126953125 0.0263671875
2 0.7021484375 0.509765625 0.0146484375 0.0263671875
1 0.7861328125 0.525390625 0.0185546875 0.0302734375
0 0.2529296875 0.5283203125 0.0146484375 0.0244140625
0 0.2978515625 0.529296875 0.0166015625 0.0244140625
1 0.2197265625 0.529296875 0.0126953125 0.0224609375
0 0.3330078125 0.5341796875 0.01953125 0.0234375
0 0.396484375 0.5419921875 0.017578125 0.0302734375
2 0.685546875 0.56640625 0.0234375 0.044921875
0 0.568359375 0.568359375 0.01953125 0.0419921875
2 0.826171875 0.5869140625 0.025390625 0.052734375