1 0.3935546875 0.326171875 0.01171875 0.01953125
0 0.3212890625 0.326171875 0.01171875 0.0234375
1 0.4189453125 0.3330078125 0.013671875 0.0185546875
0 0.451171875 0.333984375 0.009765625 0.0224609375
0 0.34765625 0.3369140625 0.01171875 0.0283203125
1 0.4951171875 0.345703125 0.0126953125 0.025390625
0 0.267578125 0.3701171875 0.0107421875 0.02734375
1 0.2861328125 0.380859375 0.013671875 0.0244140625
0 0.357421875 0.3837890625 0.013671875 0.0244140625
1 0.1240234375 0.41015625 0.0205078125 0.0302734375
1 0.5205078125 0.4453125 0.0234375 0.0517578125
1 0.76953125 0.44921875 0.025390625 0.044921875
0 0.9501953125 0.482421875 0.029296875 0.0546875
1 0.5947265625 0.4921875 0.0244140625 0.05078125
1 0.7138671875 0.52734375 0.029296875 0.052734375
0 0.46484375 0.568359375 0.03515625 0.0791015625
0 0.8603515625 0.576171875 0.0390625 0.0732421875
1 0.021484375 0.6591796875 0.0419921875 0.076171875
1 0.6484375 0.67578125 0.04296875 0.09375
0 0.205078125 0.765625 0.0361328125 0.05859375