1 0.310546875 0.3349609375 0.015625 0.02734375
1 0.34375 0.3466796875 0.0146484375 0.0234375
1 0.248046875 0.369140625 0.013671875 0.029296875
1 0.0712890625 0.37890625 0.01953125 0.033203125
0 0.3564453125 0.390625 0.0185546875 0.0302734375
1 0.1640625 0.40234375 0.02734375 0.041015625
0 0.6943359375 0.4140625 0.0244140625 0.0419921875
1 0.9052734375 0.42578125 0.025390625 0.037109375
1 0.7578125 0.4453125 0.0244140625 0.044921875
1 0.52734375 0.4521484375 0.0244140625 0.0517578125
0 0.9169921875 0.4619140625 0.025390625 0.0556640625
1 0.587890625 0.5068359375 0.0263671875 0.0419921875
1 0.7119140625 0.5263671875 0.0322265625 0.0556640625
1 0.466796875 0.5908203125 0.05078125 0.08984375
1 0.8583984375 0.6298828125 0.04296875 0.0625
0 0.5947265625 0.681640625 0.0458984375 0.1083984375