2 0.318359375 0.328125 0.015625 0.03125
0 0.072265625 0.37109375 0.01953125 0.0283203125
1 0.2646484375 0.373046875 0.013671875 0.03125
1 0.29296875 0.3759765625 0.021484375 0.0361328125
0 0.130859375 0.3779296875 0.0205078125 0.0390625
1 0.16015625 0.400390625 0.021484375 0.0390625
0 0.697265625 0.4140625 0.0205078125 0.04296875
1 0.9091796875 0.4228515625 0.0234375 0.046875
0 0.525390625 0.447265625 0.02734375 0.05078125
1 0.7587890625 0.458984375 0.0224609375 0.044921875
0 0.951171875 0.4765625 0.0400390625 0.0615234375
1 0.5869140625 0.4951171875 0.025390625 0.048828125
1 0.7119140625 0.521484375 0.03125 0.05078125
1 0.46484375 0.5703125 0.0419921875 0.0771484375
0 0.857421875 0.5751953125 0.0419921875 0.08203125
1 0.1259765625 0.623046875 0.05078125 0.0869140625
0 0.6552734375 0.6513671875 0.046875 0.103515625
1 0.2060546875 0.744140625 0.0458984375 0.0927734375