1 0.3173828125 0.3359375 0.015625 0.0234375
1 0.3603515625 0.3447265625 0.015625 0.0302734375
1 0.2705078125 0.373046875 0.0146484375 0.0322265625
0 0.2900390625 0.3759765625 0.015625 0.0283203125
1 0.1259765625 0.380859375 0.01953125 0.0322265625
1 0.0810546875 0.3837890625 0.0205078125 0.0341796875
0 0.3564453125 0.388671875 0.015625 0.029296875
1 0.16796875 0.4013671875 0.0185546875 0.04296875
0 0.7001953125 0.41015625 0.0224609375 0.0498046875
0 0.9072265625 0.419921875 0.021484375 0.0419921875
0 0.7587890625 0.43359375 0.0234375 0.0517578125
0 0.529296875 0.4482421875 0.02734375 0.044921875
0 0.91796875 0.466796875 0.0263671875 0.044921875
1 0.587890625 0.5078125 0.025390625 0.0400390625
1 0.7119140625 0.525390625 0.0322265625 0.0517578125
0 0.8662109375 0.5595703125 0.0390625 0.0771484375
1 0.4580078125 0.6083984375 0.05078125 0.0771484375
0 0.12109375 0.6083984375 0.0439453125 0.0908203125
0 0.5859375 0.69140625 0.0478515625 0.095703125