1 0.41796875 0.330078125 0.0107421875 0.0205078125
1 0.3173828125 0.333984375 0.0107421875 0.0224609375
0 0.4560546875 0.3359375 0.0126953125 0.0234375
1 0.3603515625 0.34375 0.0126953125 0.0263671875
1 0.4990234375 0.345703125 0.013671875 0.025390625
1 0.265625 0.3720703125 0.009765625 0.0302734375
0 0.2958984375 0.376953125 0.015625 0.03125
1 0.1318359375 0.392578125 0.017578125 0.02734375
0 0.3583984375 0.392578125 0.01171875 0.0263671875
1 0.1689453125 0.4072265625 0.01953125 0.0380859375
0 0.689453125 0.41015625 0.0205078125 0.041015625
1 0.9091796875 0.423828125 0.0224609375 0.03515625
0 0.7470703125 0.4345703125 0.0224609375 0.04296875
1 0.5263671875 0.451171875 0.0234375 0.044921875
0 0.892578125 0.4619140625 0.02734375 0.048828125
0 0.58984375 0.482421875 0.0224609375 0.0498046875
1 0.7021484375 0.5556640625 0.0302734375 0.0458984375
0 0.869140625 0.564453125 0.03515625 0.0673828125
1 0.4677734375 0.5947265625 0.037109375 0.0673828125
1 0.6416015625 0.654296875 0.037109375 0.0927734375