1 0.326171875 0.32421875 0.0146484375 0.025390625
1 0.4208984375 0.328125 0.013671875 0.0234375
1 0.3955078125 0.330078125 0.013671875 0.021484375
1 0.45703125 0.3359375 0.0126953125 0.0234375
1 0.359375 0.34375 0.0166015625 0.0283203125
1 0.5068359375 0.34765625 0.015625 0.029296875
0 0.2958984375 0.373046875 0.015625 0.0322265625
1 0.0732421875 0.3740234375 0.0205078125 0.0341796875
1 0.25 0.3828125 0.013671875 0.0322265625
1 0.1298828125 0.3837890625 0.0185546875 0.033203125
0 0.3583984375 0.392578125 0.013671875 0.025390625
1 0.1708984375 0.3984375 0.0166015625 0.033203125
0 0.6875 0.41015625 0.017578125 0.037109375
1 0.9072265625 0.421875 0.01953125 0.0380859375
1 0.7646484375 0.4404296875 0.0224609375 0.0458984375
0 0.9228515625 0.45703125 0.0244140625 0.052734375
0 0.509765625 0.45703125 0.0166015625 0.0439453125
1 0.5888671875 0.5078125 0.0263671875 0.0419921875
0 0.50390625 0.5341796875 0.029296875 0.0693359375
1 0.7099609375 0.5546875 0.0302734375 0.044921875
0 0.859375 0.5791015625 0.037109375 0.0693359375
0 0.1162109375 0.6171875 0.0322265625 0.078125
2 0.60546875 0.68359375 0.0439453125 0.09765625
0 0.2216796875 0.767578125 0.041015625 0.0615234375