0 0.318359375 0.33203125 0.0107421875 0.029296875
1 0.35546875 0.3359375 0.01953125 0.033203125
0 0.26953125 0.3681640625 0.0146484375 0.02734375
0 0.291015625 0.3740234375 0.0166015625 0.0263671875
0 0.0732421875 0.3759765625 0.0224609375 0.029296875
0 0.1318359375 0.38671875 0.0185546875 0.037109375
0 0.357421875 0.3916015625 0.015625 0.0263671875
0 0.1796875 0.4052734375 0.0205078125 0.041015625
0 0.6962890625 0.408203125 0.0185546875 0.048828125
0 0.90625 0.4189453125 0.021484375 0.037109375
0 0.7568359375 0.439453125 0.0224609375 0.0439453125
0 0.5390625 0.44921875 0.0224609375 0.0546875
0 0.890625 0.462890625 0.025390625 0.052734375
1 0.5888671875 0.4970703125 0.01953125 0.048828125
1 0.7138671875 0.52734375 0.029296875 0.0625
1 0.4912109375 0.55859375 0.033203125 0.0712890625
0 0.8427734375 0.5751953125 0.0322265625 0.0712890625
0 0.1201171875 0.6171875 0.0380859375 0.087890625
0 0.62890625 0.6708984375 0.041015625 0.107421875
0 0.2265625 0.7734375 0.041015625 0.0634765625