1 0.0810546875 0.3740234375 0.021484375 0.0361328125
0 0.2919921875 0.375 0.017578125 0.0341796875
1 0.3505859375 0.3974609375 0.015625 0.02734375
1 0.130859375 0.4072265625 0.0263671875 0.037109375
0 0.6923828125 0.4091796875 0.0244140625 0.04296875
1 0.7861328125 0.44921875 0.025390625 0.044921875
0 0.9052734375 0.4541015625 0.0302734375 0.0537109375
1 0.6015625 0.4970703125 0.03125 0.0537109375
1 0.4736328125 0.599609375 0.044921875 0.0771484375
1 0.8525390625 0.611328125 0.0380859375 0.06640625
0 0.10546875 0.6201171875 0.04296875 0.095703125
1 0.6240234375 0.6728515625 0.0517578125 0.0966796875