1 0.31640625 0.33203125 0.0166015625 0.0283203125
1 0.251953125 0.3681640625 0.0146484375 0.033203125
0 0.2958984375 0.3759765625 0.017578125 0.03515625
1 0.12890625 0.3896484375 0.0166015625 0.0390625
0 0.3603515625 0.3935546875 0.013671875 0.0302734375
0 0.685546875 0.4091796875 0.0234375 0.0498046875
1 0.14453125 0.4111328125 0.025390625 0.0400390625
1 0.9091796875 0.427734375 0.021484375 0.044921875
0 0.755859375 0.4296875 0.025390625 0.0517578125
1 0.5263671875 0.453125 0.02734375 0.05078125
0 0.931640625 0.4677734375 0.0302734375 0.056640625
0 0.59375 0.4853515625 0.0263671875 0.0537109375
1 0.7109375 0.5185546875 0.033203125 0.06640625
1 0.5048828125 0.5576171875 0.037109375 0.080078125
0 0.8681640625 0.5673828125 0.0400390625 0.080078125
1 0.650390625 0.689453125 0.052734375 0.1005859375
0 0.2158203125 0.7490234375 0.05078125 0.072265625