0 0.84765625 0.46484375 0.0205078125 0.0302734375
1 0.4287109375 0.4892578125 0.0166015625 0.03125
1 0.29296875 0.4970703125 0.0146484375 0.029296875
1 0.69140625 0.501953125 0.017578125 0.0380859375
1 0.62109375 0.5029296875 0.013671875 0.03125
0 0.7578125 0.515625 0.0205078125 0.03515625
1 0.30078125 0.5263671875 0.0166015625 0.0263671875
1 0.318359375 0.5458984375 0.0166015625 0.03515625
0 0.6787109375 0.55859375 0.0263671875 0.0517578125
1 0.3818359375 0.55859375 0.01953125 0.033203125
1 0.572265625 0.5673828125 0.0234375 0.05078125
2 0.8427734375 0.5869140625 0.03125 0.0615234375