1 0.31640625 0.3349609375 0.013671875 0.0302734375
0 0.087890625 0.369140625 0.015625 0.037109375
0 0.25 0.3740234375 0.0166015625 0.0322265625
1 0.1220703125 0.375 0.0166015625 0.0361328125
1 0.2880859375 0.3798828125 0.015625 0.0224609375
0 0.3564453125 0.3935546875 0.015625 0.0361328125
1 0.16015625 0.4072265625 0.0234375 0.0458984375
1 0.6884765625 0.4248046875 0.0224609375 0.041015625
1 0.904296875 0.431640625 0.0244140625 0.0361328125
1 0.7587890625 0.44921875 0.0224609375 0.048828125
1 0.5283203125 0.455078125 0.0283203125 0.044921875
0 0.9208984375 0.4658203125 0.0263671875 0.05859375
1 0.587890625 0.494140625 0.0234375 0.048828125
1 0.712890625 0.525390625 0.0322265625 0.0595703125
0 0.48046875 0.5849609375 0.03515625 0.0888671875
1 0.857421875 0.62109375 0.0498046875 0.064453125
1 0.0615234375 0.6552734375 0.041015625 0.08203125
1 0.57421875 0.6767578125 0.0322265625 0.109375