1 0.2568359375 0.3798828125 0.0166015625 0.0263671875
1 0.083984375 0.380859375 0.0205078125 0.0263671875
1 0.3583984375 0.396484375 0.0146484375 0.0302734375
1 0.1357421875 0.4140625 0.0244140625 0.037109375
0 0.693359375 0.4150390625 0.01953125 0.0439453125
0 0.90625 0.4189453125 0.017578125 0.037109375
0 0.7587890625 0.4375 0.0205078125 0.0458984375
0 0.9326171875 0.466796875 0.025390625 0.05859375
1 0.591796875 0.4892578125 0.0263671875 0.05078125
1 0.712890625 0.53125 0.0283203125 0.0517578125
1 0.5048828125 0.5732421875 0.0380859375 0.0810546875
0 0.86328125 0.58984375 0.0380859375 0.08203125
1 0.650390625 0.666015625 0.044921875 0.099609375
1 0.0185546875 0.666015625 0.037109375 0.080078125