1 0.3876953125 0.3203125 0.01171875 0.01953125
1 0.3134765625 0.330078125 0.0146484375 0.025390625
1 0.4609375 0.33203125 0.01171875 0.021484375
1 0.4150390625 0.337890625 0.0146484375 0.0185546875
1 0.4990234375 0.345703125 0.013671875 0.025390625
1 0.3564453125 0.349609375 0.015625 0.0224609375
1 0.080078125 0.3740234375 0.0224609375 0.0302734375
1 0.27734375 0.3798828125 0.0146484375 0.025390625
1 0.3486328125 0.3984375 0.0126953125 0.029296875
1 0.140625 0.4111328125 0.0185546875 0.0341796875
1 0.9072265625 0.4287109375 0.0224609375 0.037109375
1 0.72265625 0.4365234375 0.01953125 0.04296875
1 0.5927734375 0.4716796875 0.0224609375 0.0439453125
1 0.6767578125 0.5048828125 0.03125 0.0654296875
1 0.4755859375 0.5859375 0.0380859375 0.0703125
1 0.8642578125 0.599609375 0.0361328125 0.064453125
1 0.6484375 0.6494140625 0.044921875 0.08984375