1 0.669921875 0.4365234375 0.0126953125 0.0205078125
1 0.54296875 0.44921875 0.009765625 0.01953125
0 0.697265625 0.4560546875 0.0146484375 0.0302734375
0 0.779296875 0.4619140625 0.015625 0.029296875
1 0.4287109375 0.4638671875 0.0107421875 0.0146484375
0 0.84765625 0.4677734375 0.0185546875 0.0283203125
1 0.5126953125 0.4677734375 0.013671875 0.0234375
1 0.466796875 0.46875 0.01171875 0.0224609375
1 0.34375 0.490234375 0.0107421875 0.01953125
1 0.3125 0.4912109375 0.0107421875 0.0185546875
0 0.689453125 0.5009765625 0.0146484375 0.0361328125
0 0.62109375 0.5048828125 0.0146484375 0.0302734375
2 0.76171875 0.513671875 0.0185546875 0.033203125
1 0.2978515625 0.5263671875 0.01171875 0.021484375
1 0.2685546875 0.5283203125 0.0126953125 0.029296875
1 0.3232421875 0.544921875 0.0146484375 0.0341796875
2 0.3759765625 0.552734375 0.017578125 0.0302734375
0 0.69140625 0.5556640625 0.0263671875 0.046875
1 0.5693359375 0.580078125 0.0244140625 0.0380859375
0 0.8369140625 0.58984375 0.02734375 0.05859375