1 0.318359375 0.3330078125 0.017578125 0.0322265625
0 0.0908203125 0.3681640625 0.0234375 0.044921875
0 0.2529296875 0.3701171875 0.015625 0.0341796875
0 0.2978515625 0.375 0.0185546875 0.033203125
0 0.1337890625 0.384765625 0.0224609375 0.0458984375
1 0.3603515625 0.3935546875 0.017578125 0.029296875
1 0.1591796875 0.40234375 0.0302734375 0.04296875
0 0.681640625 0.408203125 0.0244140625 0.056640625
1 0.9091796875 0.423828125 0.0234375 0.0498046875
0 0.7685546875 0.4375 0.02734375 0.060546875
1 0.5263671875 0.45703125 0.0263671875 0.056640625
0 0.931640625 0.46875 0.0302734375 0.0625
0 0.5966796875 0.4755859375 0.029296875 0.0595703125
1 0.7119140625 0.5224609375 0.03125 0.0625
1 0.4765625 0.5751953125 0.0380859375 0.0869140625
0 0.86328125 0.580078125 0.0419921875 0.0859375
0 0.6474609375 0.6640625 0.0439453125 0.111328125
2 0.2158203125 0.755859375 0.05859375 0.0966796875