0 0.0888671875 0.37109375 0.017578125 0.033203125
0 0.2978515625 0.3759765625 0.015625 0.0322265625
1 0.255859375 0.376953125 0.0146484375 0.0283203125
0 0.1083984375 0.384765625 0.017578125 0.0341796875
1 0.3525390625 0.39453125 0.013671875 0.025390625
1 0.1357421875 0.412109375 0.02734375 0.0380859375
1 0.69140625 0.4189453125 0.0244140625 0.0419921875
1 0.9091796875 0.42578125 0.0205078125 0.041015625
0 0.7626953125 0.4326171875 0.0302734375 0.0498046875
1 0.5185546875 0.451171875 0.02734375 0.0556640625
0 0.94140625 0.4755859375 0.0322265625 0.0615234375
1 0.6103515625 0.498046875 0.025390625 0.0576171875
0 0.7080078125 0.521484375 0.02734375 0.0556640625
0 0.5 0.541015625 0.03515625 0.083984375
0 0.83203125 0.568359375 0.03125 0.0673828125
1 0.669921875 0.7548828125 0.0498046875 0.09765625