2 0.32421875 0.326171875 0.015625 0.03515625
0 0.3466796875 0.337890625 0.0185546875 0.03515625
0 0.2978515625 0.373046875 0.0166015625 0.033203125
0 0.0859375 0.3759765625 0.0205078125 0.033203125
0 0.1298828125 0.3876953125 0.015625 0.0322265625
0 0.3603515625 0.3955078125 0.0166015625 0.0341796875
2 0.1474609375 0.4091796875 0.02734375 0.0341796875
0 0.6806640625 0.41015625 0.0166015625 0.0400390625
1 0.90625 0.423828125 0.01953125 0.041015625
0 0.787109375 0.4443359375 0.021484375 0.0498046875
1 0.52734375 0.4638671875 0.0283203125 0.044921875
0 0.9287109375 0.466796875 0.029296875 0.056640625
0 0.5947265625 0.4765625 0.025390625 0.0478515625
1 0.7109375 0.52734375 0.033203125 0.0595703125
2 0.5087890625 0.53515625 0.0419921875 0.0849609375
0 0.865234375 0.580078125 0.033203125 0.072265625
1 0.6455078125 0.7294921875 0.05078125 0.064453125