0 0.3251953125 0.3251953125 0.015625 0.0283203125
1 0.2646484375 0.375 0.0146484375 0.0322265625
0 0.298828125 0.376953125 0.0166015625 0.029296875
0 0.0810546875 0.37890625 0.017578125 0.033203125
0 0.3583984375 0.390625 0.013671875 0.029296875
1 0.1650390625 0.4052734375 0.021484375 0.0390625
1 0.68359375 0.4228515625 0.025390625 0.0400390625
1 0.908203125 0.431640625 0.0224609375 0.0361328125
1 0.5244140625 0.453125 0.0244140625 0.048828125
1 0.744140625 0.4619140625 0.0224609375 0.041015625
0 0.9384765625 0.474609375 0.029296875 0.0595703125
1 0.5947265625 0.4921875 0.025390625 0.0556640625
1 0.71484375 0.5224609375 0.0302734375 0.0625
0 0.859375 0.5419921875 0.0390625 0.0712890625
1 0.4736328125 0.5751953125 0.041015625 0.076171875
1 0.654296875 0.666015625 0.037109375 0.099609375