0 0.859375 0.455078125 0.0185546875 0.0341796875
1 0.2978515625 0.4931640625 0.0146484375 0.02734375
0 0.6865234375 0.4990234375 0.0185546875 0.04296875
0 0.6259765625 0.5009765625 0.0146484375 0.0322265625
0 0.7587890625 0.5126953125 0.0205078125 0.0380859375
0 0.3115234375 0.5234375 0.013671875 0.033203125
1 0.21875 0.529296875 0.0126953125 0.0244140625
0 0.330078125 0.5380859375 0.0185546875 0.033203125
0 0.3798828125 0.5400390625 0.017578125 0.03515625
2 0.685546875 0.560546875 0.03125 0.046875
0 0.5498046875 0.5703125 0.0234375 0.0400390625
0 0.861328125 0.59375 0.029296875 0.060546875