1 0.7119140625 0.4345703125 0.0126953125 0.0185546875
1 0.6708984375 0.4365234375 0.0107421875 0.013671875
0 0.4638671875 0.4580078125 0.0107421875 0.021484375
0 0.69921875 0.4609375 0.015625 0.021484375
0 0.7763671875 0.4619140625 0.0146484375 0.0283203125
1 0.83984375 0.466796875 0.01953125 0.0205078125
1 0.2919921875 0.4990234375 0.0126953125 0.0234375
0 0.689453125 0.5029296875 0.0146484375 0.03515625
0 0.61328125 0.5048828125 0.013671875 0.0263671875
1 0.7548828125 0.517578125 0.017578125 0.0234375
0 0.2890625 0.5322265625 0.0166015625 0.0322265625
1 0.265625 0.533203125 0.0146484375 0.02734375
0 0.392578125 0.5400390625 0.0126953125 0.0361328125
1 0.318359375 0.5439453125 0.0166015625 0.0322265625
0 0.6962890625 0.55859375 0.0234375 0.0576171875
0 0.837890625 0.609375 0.0224609375 0.0517578125