1 0.09765625 0.3779296875 0.0185546875 0.0341796875
2 0.2548828125 0.380859375 0.0107421875 0.0283203125
0 0.3583984375 0.3935546875 0.01171875 0.025390625
1 0.13671875 0.39453125 0.01953125 0.0341796875
1 0.16796875 0.396484375 0.0146484375 0.0400390625
0 0.6923828125 0.408203125 0.0234375 0.0400390625
0 0.759765625 0.431640625 0.0205078125 0.046875
1 0.9052734375 0.43359375 0.0185546875 0.033203125
1 0.5380859375 0.4638671875 0.0244140625 0.044921875
1 0.578125 0.4814453125 0.01953125 0.0478515625
0 0.9453125 0.482421875 0.0263671875 0.0478515625
1 0.71484375 0.5400390625 0.0322265625 0.05078125
2 0.50390625 0.5673828125 0.033203125 0.0791015625
0 0.853515625 0.5771484375 0.0400390625 0.0712890625
1 0.6640625 0.6650390625 0.041015625 0.109375