2 0.3232421875 0.3291015625 0.0146484375 0.0263671875
1 0.345703125 0.341796875 0.015625 0.0263671875
0 0.271484375 0.3740234375 0.0146484375 0.03515625
0 0.291015625 0.375 0.0185546875 0.0322265625
0 0.0703125 0.3759765625 0.0224609375 0.0302734375
0 0.3583984375 0.392578125 0.017578125 0.029296875
2 0.6982421875 0.408203125 0.021484375 0.04296875
2 0.76953125 0.44921875 0.025390625 0.0458984375
0 0.5390625 0.4521484375 0.025390625 0.0517578125
0 0.8916015625 0.46484375 0.02734375 0.05859375
1 0.6279296875 0.517578125 0.025390625 0.0595703125
1 0.7119140625 0.521484375 0.03125 0.0615234375
0 0.49609375 0.5380859375 0.0419921875 0.0859375
0 0.8564453125 0.57421875 0.0419921875 0.0712890625
2 0.1103515625 0.6328125 0.04296875 0.0888671875
0 0.591796875 0.6904296875 0.0458984375 0.103515625