1 0.384765625 0.322265625 0.0107421875 0.0185546875
1 0.419921875 0.33203125 0.01171875 0.01953125
1 0.326171875 0.3359375 0.0146484375 0.025390625
1 0.44921875 0.3369140625 0.01171875 0.021484375
1 0.501953125 0.341796875 0.013671875 0.02734375
1 0.3603515625 0.34765625 0.0146484375 0.0263671875
1 0.2119140625 0.35546875 0.013671875 0.0224609375
1 0.232421875 0.37890625 0.0126953125 0.0263671875
1 0.2783203125 0.3798828125 0.0126953125 0.0234375
1 0.083984375 0.380859375 0.0185546875 0.0283203125
1 0.3525390625 0.3955078125 0.01171875 0.0283203125
1 0.14453125 0.408203125 0.0185546875 0.037109375
1 0.9072265625 0.4228515625 0.0205078125 0.0400390625
1 0.7607421875 0.4365234375 0.0244140625 0.05078125
1 0.60546875 0.4873046875 0.0244140625 0.048828125
1 0.66796875 0.5166015625 0.0234375 0.0595703125
1 0.48828125 0.5556640625 0.0322265625 0.0712890625
1 0.861328125 0.560546875 0.033203125 0.0615234375
1 0.6533203125 0.650390625 0.0400390625 0.0908203125