1 0.7109375 0.4296875 0.0146484375 0.02734375
1 0.6728515625 0.4365234375 0.0126953125 0.0244140625
1 0.869140625 0.4599609375 0.0205078125 0.0361328125
1 0.779296875 0.4609375 0.017578125 0.02734375
1 0.6884765625 0.4658203125 0.015625 0.0224609375
1 0.470703125 0.47265625 0.013671875 0.025390625
1 0.4228515625 0.490234375 0.0185546875 0.0234375
0 0.341796875 0.4912109375 0.0166015625 0.021484375
1 0.3115234375 0.4921875 0.013671875 0.01953125
1 0.69140625 0.5087890625 0.0146484375 0.03125
1 0.6259765625 0.5185546875 0.0126953125 0.03125
1 0.765625 0.525390625 0.015625 0.0341796875
1 0.302734375 0.53515625 0.0185546875 0.029296875
1 0.37890625 0.5537109375 0.01953125 0.0322265625
1 0.6875 0.576171875 0.029296875 0.0517578125
1 0.8349609375 0.611328125 0.0322265625 0.0517578125