0 0.8564453125 0.4619140625 0.0185546875 0.0322265625
1 0.423828125 0.4814453125 0.013671875 0.0263671875
0 0.34765625 0.4853515625 0.01171875 0.0224609375
1 0.2900390625 0.494140625 0.013671875 0.02734375
0 0.62109375 0.5078125 0.015625 0.03515625
1 0.6845703125 0.509765625 0.021484375 0.0302734375
1 0.75390625 0.521484375 0.01953125 0.0322265625
0 0.3388671875 0.53125 0.01953125 0.04296875
1 0.298828125 0.5322265625 0.017578125 0.0322265625
1 0.396484375 0.5380859375 0.01953125 0.037109375
0 0.6953125 0.5546875 0.025390625 0.0546875
1 0.5732421875 0.56640625 0.02734375 0.0537109375
0 0.84765625 0.5908203125 0.03125 0.0595703125