0 0.2978515625 0.376953125 0.015625 0.0322265625
1 0.0869140625 0.3779296875 0.01953125 0.0302734375
0 0.109375 0.3857421875 0.01953125 0.03515625
1 0.3525390625 0.39453125 0.015625 0.03125
1 0.1640625 0.396484375 0.0244140625 0.0380859375
1 0.908203125 0.419921875 0.021484375 0.04296875
1 0.6904296875 0.421875 0.013671875 0.0419921875
0 0.51953125 0.4482421875 0.0263671875 0.0537109375
1 0.76171875 0.451171875 0.025390625 0.052734375
0 0.9248046875 0.4677734375 0.025390625 0.0546875
1 0.5927734375 0.4892578125 0.0224609375 0.052734375
1 0.7158203125 0.5283203125 0.029296875 0.0576171875
1 0.5068359375 0.5439453125 0.0380859375 0.0810546875
1 0.83203125 0.5654296875 0.03125 0.0673828125
1 0.650390625 0.673828125 0.04296875 0.09375