1 0.3134765625 0.31640625 0.0107421875 0.021484375
1 0.447265625 0.326171875 0.013671875 0.0234375
1 0.41796875 0.328125 0.01171875 0.0224609375
1 0.4990234375 0.3515625 0.013671875 0.0244140625
1 0.2802734375 0.3818359375 0.0146484375 0.0234375
1 0.080078125 0.3837890625 0.01953125 0.025390625
1 0.3525390625 0.3974609375 0.01171875 0.0234375
1 0.9091796875 0.4296875 0.0205078125 0.0400390625
1 0.7607421875 0.4443359375 0.0234375 0.044921875
1 0.6044921875 0.4921875 0.0244140625 0.0478515625
1 0.7021484375 0.5068359375 0.0263671875 0.056640625
1 0.85546875 0.5615234375 0.0302734375 0.0595703125
1 0.4970703125 0.57421875 0.0380859375 0.0576171875
1 0.6552734375 0.654296875 0.0400390625 0.0908203125