0 0.0712890625 0.3701171875 0.0166015625 0.033203125
0 0.2880859375 0.3759765625 0.0107421875 0.029296875
0 0.2509765625 0.3818359375 0.0166015625 0.0322265625
0 0.12890625 0.3837890625 0.0205078125 0.0361328125
0 0.357421875 0.3896484375 0.013671875 0.033203125
0 0.16796875 0.400390625 0.0234375 0.0439453125
1 0.697265625 0.4326171875 0.01953125 0.0419921875
1 0.90625 0.4326171875 0.021484375 0.037109375
1 0.767578125 0.4541015625 0.0234375 0.0478515625
1 0.5322265625 0.45703125 0.01953125 0.0439453125
0 0.947265625 0.48046875 0.03125 0.0634765625
1 0.5966796875 0.490234375 0.0244140625 0.0517578125
1 0.7109375 0.52734375 0.0283203125 0.0517578125
0 0.875 0.55859375 0.03515625 0.0771484375
1 0.4697265625 0.5849609375 0.05078125 0.0673828125
0 0.6044921875 0.658203125 0.0380859375 0.099609375