0 0.2705078125 0.37109375 0.0185546875 0.0341796875
0 0.08984375 0.376953125 0.021484375 0.03125
1 0.130859375 0.388671875 0.0205078125 0.0322265625
1 0.35546875 0.39453125 0.013671875 0.0322265625
1 0.1708984375 0.3955078125 0.0244140625 0.0419921875
0 0.693359375 0.41015625 0.029296875 0.05078125
1 0.908203125 0.421875 0.0244140625 0.0478515625
0 0.525390625 0.4482421875 0.0263671875 0.0498046875
1 0.7724609375 0.451171875 0.0263671875 0.05859375
0 0.89453125 0.46484375 0.03125 0.0595703125
1 0.587890625 0.4931640625 0.0283203125 0.046875
1 0.7158203125 0.5205078125 0.03515625 0.0556640625
0 0.5078125 0.533203125 0.0419921875 0.0810546875
2 0.861328125 0.58984375 0.0419921875 0.0673828125
1 0.1103515625 0.625 0.0546875 0.1015625
2 0.658203125 0.6640625 0.04296875 0.099609375
1 0.2294921875 0.7724609375 0.052734375 0.080078125