1 0.345703125 0.3408203125 0.015625 0.03515625
0 0.087890625 0.3720703125 0.0224609375 0.0419921875
0 0.251953125 0.3720703125 0.013671875 0.0302734375
0 0.2890625 0.376953125 0.015625 0.03125
1 0.1279296875 0.3876953125 0.0224609375 0.0361328125
1 0.1640625 0.40625 0.0224609375 0.0380859375
1 0.6904296875 0.416015625 0.025390625 0.0498046875
1 0.90625 0.4228515625 0.0244140625 0.0458984375
0 0.75390625 0.4326171875 0.0263671875 0.0546875
1 0.5283203125 0.4462890625 0.02734375 0.052734375
0 0.8896484375 0.4970703125 0.03125 0.0595703125
2 0.59765625 0.509765625 0.029296875 0.0498046875
1 0.7138671875 0.5244140625 0.03125 0.0546875
0 0.8603515625 0.5673828125 0.0458984375 0.080078125
1 0.5029296875 0.572265625 0.0419921875 0.083984375
1 0.0341796875 0.654296875 0.05078125 0.0771484375
1 0.6611328125 0.673828125 0.0458984375 0.1015625