0 0.7578125 0.453125 0.0146484375 0.0283203125
0 0.859375 0.45703125 0.017578125 0.033203125
0 0.2958984375 0.478515625 0.0146484375 0.02734375
0 0.6904296875 0.4951171875 0.0146484375 0.03125
0 0.623046875 0.4990234375 0.013671875 0.033203125
0 0.7626953125 0.5068359375 0.0185546875 0.033203125
0 0.3095703125 0.51953125 0.0126953125 0.0361328125
0 0.2705078125 0.52734375 0.015625 0.029296875
1 0.2197265625 0.529296875 0.01171875 0.0205078125
0 0.328125 0.533203125 0.017578125 0.037109375
0 0.400390625 0.5361328125 0.015625 0.0361328125
0 0.69140625 0.5556640625 0.0224609375 0.0478515625
0 0.548828125 0.5712890625 0.0263671875 0.0302734375
0 0.8427734375 0.580078125 0.029296875 0.0576171875