0 0.2578125 0.3701171875 0.0185546875 0.029296875
0 0.2880859375 0.375 0.01171875 0.0302734375
1 0.1220703125 0.3779296875 0.015625 0.0380859375
0 0.072265625 0.3779296875 0.0244140625 0.025390625
1 0.169921875 0.3984375 0.021484375 0.041015625
1 0.35546875 0.400390625 0.015625 0.02734375
0 0.701171875 0.4140625 0.0205078125 0.044921875
1 0.9072265625 0.427734375 0.0224609375 0.044921875
1 0.529296875 0.45703125 0.0234375 0.0517578125
1 0.7509765625 0.4638671875 0.021484375 0.0458984375
0 0.9462890625 0.484375 0.0244140625 0.052734375
1 0.58984375 0.4990234375 0.01953125 0.044921875
1 0.7138671875 0.5390625 0.0322265625 0.0546875
1 0.4697265625 0.5908203125 0.03515625 0.068359375
0 0.5927734375 0.658203125 0.041015625 0.099609375