1 0.09375 0.375 0.0185546875 0.0380859375
0 0.2939453125 0.3759765625 0.0146484375 0.03125
1 0.130859375 0.3837890625 0.01953125 0.0380859375
1 0.1474609375 0.408203125 0.029296875 0.048828125
1 0.9072265625 0.4208984375 0.02734375 0.044921875
2 0.6953125 0.4267578125 0.0244140625 0.0478515625
1 0.76953125 0.443359375 0.0244140625 0.046875
1 0.5283203125 0.4482421875 0.0263671875 0.0546875
1 0.9052734375 0.4833984375 0.029296875 0.064453125
1 0.5888671875 0.49609375 0.025390625 0.0478515625
1 0.716796875 0.5341796875 0.0341796875 0.056640625
0 0.857421875 0.56640625 0.0390625 0.0703125
0 0.107421875 0.6123046875 0.03515625 0.0859375
1 0.4541015625 0.6142578125 0.04296875 0.0771484375
2 0.66015625 0.6669921875 0.0439453125 0.0947265625
0 0.2275390625 0.7626953125 0.0517578125 0.0732421875