1 0.2705078125 0.3681640625 0.013671875 0.0361328125
0 0.294921875 0.373046875 0.0166015625 0.03515625
1 0.095703125 0.37890625 0.0205078125 0.0322265625
1 0.1298828125 0.3828125 0.01953125 0.0400390625
0 0.3583984375 0.3916015625 0.0146484375 0.03125
1 0.171875 0.40234375 0.0244140625 0.048828125
0 0.701171875 0.4150390625 0.025390625 0.056640625
0 0.763671875 0.435546875 0.0283203125 0.0546875
1 0.5244140625 0.4443359375 0.02734375 0.0537109375
0 0.9228515625 0.4560546875 0.033203125 0.06640625
1 0.5888671875 0.4853515625 0.025390625 0.0546875
1 0.5009765625 0.5498046875 0.0458984375 0.0810546875
1 0.705078125 0.5517578125 0.033203125 0.0751953125
0 0.8740234375 0.55859375 0.0390625 0.0771484375
0 0.6669921875 0.6552734375 0.0478515625 0.119140625