1 0.669921875 0.4345703125 0.0107421875 0.017578125
1 0.54296875 0.4443359375 0.009765625 0.01953125
1 0.5146484375 0.4541015625 0.01171875 0.0244140625
0 0.701171875 0.45703125 0.0146484375 0.025390625
0 0.7607421875 0.458984375 0.0166015625 0.0283203125
1 0.4326171875 0.4609375 0.01171875 0.0166015625
0 0.84375 0.4658203125 0.017578125 0.0244140625
1 0.4658203125 0.4658203125 0.01171875 0.0224609375
1 0.30078125 0.490234375 0.013671875 0.02734375
1 0.4228515625 0.4931640625 0.013671875 0.0205078125
0 0.6279296875 0.501953125 0.0146484375 0.029296875
1 0.6943359375 0.51171875 0.017578125 0.0283203125
1 0.7578125 0.5146484375 0.0166015625 0.0283203125
0 0.296875 0.5263671875 0.0166015625 0.0302734375
1 0.21875 0.5283203125 0.0126953125 0.0234375
1 0.3720703125 0.5419921875 0.0185546875 0.03515625
1 0.69921875 0.5693359375 0.0244140625 0.0537109375
0 0.5498046875 0.572265625 0.0224609375 0.03515625
1 0.8369140625 0.5869140625 0.0283203125 0.0556640625