1 0.0791015625 0.3720703125 0.0205078125 0.03125
1 0.2998046875 0.375 0.0166015625 0.029296875
1 0.357421875 0.3935546875 0.0126953125 0.029296875
1 0.1279296875 0.4072265625 0.0185546875 0.033203125
1 0.6923828125 0.41015625 0.0224609375 0.048828125
0 0.7568359375 0.4375 0.021484375 0.044921875
0 0.9169921875 0.4443359375 0.029296875 0.0517578125
1 0.541015625 0.447265625 0.025390625 0.0537109375
1 0.595703125 0.482421875 0.0244140625 0.048828125
1 0.712890625 0.5146484375 0.0283203125 0.0556640625
0 0.455078125 0.548828125 0.0400390625 0.087890625
1 0.888671875 0.6259765625 0.0419921875 0.0673828125
0 0.6455078125 0.654296875 0.0380859375 0.09765625