0 0.318359375 0.33203125 0.0146484375 0.029296875
0 0.0859375 0.3701171875 0.021484375 0.037109375
1 0.2939453125 0.376953125 0.017578125 0.0361328125
0 0.2509765625 0.376953125 0.0166015625 0.033203125
1 0.1298828125 0.3837890625 0.0224609375 0.0390625
0 0.3583984375 0.388671875 0.015625 0.033203125
1 0.1748046875 0.400390625 0.0263671875 0.046875
0 0.69140625 0.40625 0.0302734375 0.052734375
0 0.7490234375 0.4404296875 0.03125 0.0556640625
1 0.5224609375 0.4521484375 0.0302734375 0.0576171875
0 0.58984375 0.4873046875 0.0283203125 0.060546875
0 0.896484375 0.4921875 0.03125 0.0625
1 0.697265625 0.5517578125 0.0361328125 0.05859375
1 0.4853515625 0.5556640625 0.0458984375 0.0791015625
0 0.869140625 0.5673828125 0.0390625 0.07421875
1 0.6494140625 0.6748046875 0.041015625 0.1015625