0 0.322265625 0.33203125 0.015625 0.02734375
0 0.271484375 0.373046875 0.0126953125 0.0302734375
0 0.2939453125 0.375 0.0146484375 0.0322265625
0 0.0751953125 0.376953125 0.0234375 0.033203125
0 0.1328125 0.3818359375 0.017578125 0.0341796875
1 0.357421875 0.392578125 0.013671875 0.0263671875
0 0.173828125 0.3984375 0.0205078125 0.044921875
0 0.685546875 0.412109375 0.0205078125 0.04296875
1 0.908203125 0.4287109375 0.021484375 0.0380859375
0 0.52734375 0.4423828125 0.021484375 0.052734375
1 0.7744140625 0.4541015625 0.0244140625 0.0478515625
0 0.9384765625 0.474609375 0.0283203125 0.0537109375
1 0.6083984375 0.4921875 0.0263671875 0.0517578125
1 0.6865234375 0.53515625 0.0263671875 0.0595703125
0 0.484375 0.5419921875 0.0380859375 0.0830078125
1 0.86328125 0.55859375 0.0322265625 0.0654296875
0 0.654296875 0.681640625 0.04296875 0.09765625