1 0.3203125 0.333984375 0.015625 0.0234375
0 0.3486328125 0.3388671875 0.015625 0.03125
1 0.2509765625 0.375 0.0166015625 0.0302734375
1 0.087890625 0.375 0.021484375 0.037109375
1 0.2900390625 0.3759765625 0.0166015625 0.03125
1 0.134765625 0.3876953125 0.0224609375 0.0380859375
1 0.166015625 0.408203125 0.0283203125 0.04296875
0 0.6943359375 0.4150390625 0.0234375 0.044921875
1 0.9072265625 0.42578125 0.0205078125 0.0341796875
1 0.763671875 0.4482421875 0.0244140625 0.044921875
2 0.52734375 0.451171875 0.0244140625 0.0537109375
1 0.908203125 0.4814453125 0.0283203125 0.0556640625
0 0.591796875 0.490234375 0.0244140625 0.0546875
1 0.7138671875 0.5283203125 0.029296875 0.0595703125
1 0.84765625 0.583984375 0.04296875 0.0751953125
1 0.4619140625 0.609375 0.04296875 0.0771484375
1 0.1044921875 0.6298828125 0.044921875 0.083984375
1 0.6630859375 0.67578125 0.0478515625 0.1015625