1 0.41796875 0.3310546875 0.0107421875 0.01953125
1 0.455078125 0.3349609375 0.01171875 0.025390625
1 0.3173828125 0.3359375 0.009765625 0.0224609375
1 0.5029296875 0.3427734375 0.01171875 0.0224609375
1 0.3603515625 0.3466796875 0.0126953125 0.02734375
1 0.0732421875 0.373046875 0.0185546875 0.02734375
1 0.2685546875 0.373046875 0.01171875 0.0302734375
1 0.2841796875 0.376953125 0.0146484375 0.025390625
1 0.3642578125 0.3876953125 0.0146484375 0.02734375
1 0.1279296875 0.388671875 0.017578125 0.0263671875
1 0.1640625 0.41015625 0.0185546875 0.0322265625
0 0.748046875 0.4365234375 0.0234375 0.046875
1 0.6904296875 0.439453125 0.0224609375 0.0341796875
0 0.912109375 0.4462890625 0.03125 0.0537109375
1 0.5263671875 0.451171875 0.0234375 0.044921875
0 0.591796875 0.484375 0.0244140625 0.0478515625
1 0.5107421875 0.541015625 0.0322265625 0.076171875
1 0.7021484375 0.5537109375 0.0302734375 0.0439453125
0 0.87109375 0.5625 0.0361328125 0.068359375
1 0.640625 0.65625 0.0390625 0.095703125