0 0.3974609375 0.31640625 0.0107421875 0.0185546875
1 0.42578125 0.3291015625 0.0126953125 0.0205078125
1 0.3173828125 0.3349609375 0.0126953125 0.0234375
0 0.4560546875 0.3359375 0.0107421875 0.021484375
1 0.34765625 0.3388671875 0.013671875 0.0302734375
0 0.498046875 0.3408203125 0.0126953125 0.0263671875
0 0.232421875 0.3515625 0.015625 0.025390625
0 0.271484375 0.369140625 0.0126953125 0.029296875
0 0.0869140625 0.37109375 0.013671875 0.03125
1 0.294921875 0.3740234375 0.0146484375 0.0302734375
0 0.1318359375 0.38671875 0.015625 0.0322265625
0 0.359375 0.39453125 0.0126953125 0.0263671875
1 0.15234375 0.4091796875 0.0166015625 0.03515625
0 0.685546875 0.4150390625 0.0205078125 0.04296875
0 0.90625 0.416015625 0.021484375 0.0390625
1 0.5263671875 0.4521484375 0.0244140625 0.05078125
1 0.7646484375 0.453125 0.0234375 0.0439453125
1 0.9228515625 0.4609375 0.0263671875 0.05078125
1 0.595703125 0.494140625 0.025390625 0.0478515625
1 0.7509765625 0.5341796875 0.025390625 0.0537109375
0 0.453125 0.56640625 0.0361328125 0.0830078125
0 0.8505859375 0.57421875 0.0361328125 0.0712890625
1 0.650390625 0.6669921875 0.037109375 0.09375
0 0.2373046875 0.7177734375 0.0361328125 0.0634765625