1 0.263671875 0.373046875 0.0146484375 0.0283203125
1 0.1298828125 0.3798828125 0.0205078125 0.0341796875
0 0.35546875 0.390625 0.013671875 0.02734375
1 0.1630859375 0.400390625 0.0224609375 0.0390625
0 0.697265625 0.41796875 0.01953125 0.0400390625
0 0.9052734375 0.4228515625 0.021484375 0.04296875
2 0.5283203125 0.453125 0.025390625 0.046875
1 0.748046875 0.4619140625 0.01953125 0.037109375
0 0.9482421875 0.4794921875 0.0302734375 0.0537109375
1 0.5859375 0.501953125 0.0263671875 0.0439453125
1 0.71484375 0.5234375 0.029296875 0.05078125
0 0.4970703125 0.533203125 0.033203125 0.0751953125
0 0.8515625 0.578125 0.0390625 0.0771484375
0 0.111328125 0.6201171875 0.0341796875 0.0810546875
0 0.650390625 0.6552734375 0.037109375 0.1005859375