1 0.3173828125 0.3349609375 0.0126953125 0.021484375
0 0.267578125 0.3671875 0.0146484375 0.0283203125
0 0.2900390625 0.375 0.0126953125 0.029296875
0 0.353515625 0.3916015625 0.013671875 0.025390625
1 0.1640625 0.4033203125 0.0166015625 0.0390625
0 0.7021484375 0.412109375 0.0185546875 0.0400390625
1 0.90234375 0.4287109375 0.01953125 0.0322265625
1 0.533203125 0.455078125 0.0234375 0.0458984375
1 0.763671875 0.45703125 0.0205078125 0.0400390625
1 0.9208984375 0.4658203125 0.0263671875 0.0498046875
1 0.5888671875 0.4912109375 0.0244140625 0.0458984375
1 0.7080078125 0.521484375 0.0263671875 0.0556640625
0 0.8642578125 0.556640625 0.0302734375 0.0703125
0 0.46875 0.6015625 0.03125 0.08203125
1 0.115234375 0.6259765625 0.03515625 0.080078125
0 0.591796875 0.6884765625 0.0400390625 0.1005859375