1 0.31640625 0.3330078125 0.013671875 0.0263671875
1 0.3603515625 0.3369140625 0.015625 0.0263671875
1 0.08203125 0.369140625 0.0166015625 0.033203125
0 0.294921875 0.3759765625 0.0126953125 0.029296875
0 0.2548828125 0.376953125 0.013671875 0.037109375
1 0.130859375 0.39453125 0.017578125 0.037109375
0 0.36328125 0.39453125 0.0146484375 0.0341796875
1 0.1552734375 0.40625 0.0224609375 0.0419921875
0 0.6787109375 0.4130859375 0.01953125 0.0419921875
1 0.91015625 0.431640625 0.01953125 0.0419921875
1 0.759765625 0.4453125 0.0224609375 0.048828125
1 0.5244140625 0.453125 0.0205078125 0.048828125
0 0.9326171875 0.470703125 0.0263671875 0.0546875
0 0.5927734375 0.4814453125 0.0244140625 0.0576171875
1 0.7099609375 0.53125 0.03125 0.0625
2 0.48046875 0.5771484375 0.0439453125 0.0859375
0 0.875 0.5791015625 0.0390625 0.0849609375
0 0.6513671875 0.6796875 0.0478515625 0.09765625
0 0.2158203125 0.7490234375 0.0595703125 0.0830078125