0 0.845703125 0.4599609375 0.0205078125 0.033203125
1 0.2919921875 0.5 0.0146484375 0.0224609375
0 0.6875 0.5 0.0166015625 0.0380859375
0 0.61328125 0.5029296875 0.0146484375 0.03125
0 0.75390625 0.5166015625 0.01953125 0.033203125
0 0.30859375 0.5244140625 0.015625 0.029296875
1 0.263671875 0.5322265625 0.0146484375 0.0283203125
0 0.39453125 0.5361328125 0.0146484375 0.033203125
0 0.5595703125 0.556640625 0.02734375 0.0546875
0 0.7021484375 0.55859375 0.033203125 0.0546875
0 0.8427734375 0.6064453125 0.0322265625 0.056640625