0 0.0791015625 0.3701171875 0.0185546875 0.0322265625
0 0.294921875 0.3759765625 0.0146484375 0.0322265625
0 0.1142578125 0.3876953125 0.0224609375 0.03515625
1 0.3564453125 0.3876953125 0.0166015625 0.029296875
1 0.1708984375 0.4013671875 0.0244140625 0.037109375
1 0.68359375 0.4169921875 0.0244140625 0.046875
1 0.9072265625 0.4267578125 0.0205078125 0.0322265625
0 0.7578125 0.4365234375 0.025390625 0.052734375
0 0.5283203125 0.4453125 0.02734375 0.0556640625
0 0.9228515625 0.466796875 0.033203125 0.056640625
1 0.5986328125 0.4970703125 0.02734375 0.0537109375
1 0.689453125 0.5068359375 0.0322265625 0.0654296875
1 0.5087890625 0.55859375 0.037109375 0.083984375
0 0.8310546875 0.56640625 0.0380859375 0.07421875
0 0.650390625 0.6708984375 0.0380859375 0.09765625