1 0.6708984375 0.4345703125 0.0126953125 0.0244140625
1 0.5419921875 0.4443359375 0.0107421875 0.01953125
1 0.70703125 0.4560546875 0.015625 0.03125
1 0.43359375 0.45703125 0.0107421875 0.021484375
1 0.8681640625 0.4638671875 0.0224609375 0.037109375
1 0.7763671875 0.4638671875 0.017578125 0.0302734375
1 0.46484375 0.46484375 0.009765625 0.0224609375
1 0.5166015625 0.46484375 0.0107421875 0.0263671875
1 0.3046875 0.4912109375 0.0126953125 0.0205078125
1 0.615234375 0.51171875 0.009765625 0.02734375
1 0.7744140625 0.52734375 0.01953125 0.025390625
1 0.2880859375 0.537109375 0.0185546875 0.029296875
1 0.26953125 0.5380859375 0.013671875 0.0283203125
1 0.39453125 0.5439453125 0.015625 0.03515625
1 0.689453125 0.5703125 0.025390625 0.048828125
0 0.5732421875 0.5703125 0.0205078125 0.041015625
1 0.8388671875 0.59765625 0.025390625 0.0556640625