2 0.3193359375 0.3310546875 0.013671875 0.0283203125
0 0.07421875 0.37109375 0.01953125 0.029296875
1 0.263671875 0.373046875 0.0107421875 0.02734375
1 0.2880859375 0.3779296875 0.013671875 0.0263671875
1 0.11328125 0.3857421875 0.0185546875 0.0263671875
1 0.3564453125 0.3955078125 0.0126953125 0.0234375
1 0.162109375 0.4111328125 0.0205078125 0.033203125
2 0.6953125 0.4150390625 0.017578125 0.037109375
1 0.9052734375 0.4287109375 0.0185546875 0.0283203125
1 0.75390625 0.4462890625 0.0205078125 0.0419921875
2 0.5126953125 0.4541015625 0.0205078125 0.0380859375
0 0.9453125 0.478515625 0.0263671875 0.0517578125
1 0.5859375 0.49609375 0.0205078125 0.041015625
1 0.7158203125 0.5400390625 0.0263671875 0.044921875
0 0.46875 0.5615234375 0.0361328125 0.0771484375
1 0.861328125 0.6142578125 0.0390625 0.0654296875
0 0.1162109375 0.6171875 0.0322265625 0.0830078125
0 0.65234375 0.65625 0.03125 0.1025390625
1 0.1416015625 0.849609375 0.0537109375 0.0576171875