0 0.30078125 0.3720703125 0.0146484375 0.0341796875
1 0.26171875 0.373046875 0.009765625 0.0302734375
1 0.0751953125 0.38671875 0.0263671875 0.046875
1 0.130859375 0.3935546875 0.017578125 0.0302734375
1 0.3583984375 0.3974609375 0.0146484375 0.02734375
1 0.171875 0.404296875 0.021484375 0.037109375
0 0.6923828125 0.4140625 0.0224609375 0.05078125
1 0.91015625 0.4326171875 0.0234375 0.0361328125
1 0.748046875 0.4560546875 0.0224609375 0.044921875
1 0.5224609375 0.4599609375 0.02734375 0.044921875
0 0.935546875 0.4794921875 0.02734375 0.0576171875
1 0.5986328125 0.4873046875 0.025390625 0.046875
1 0.7158203125 0.5205078125 0.0302734375 0.056640625
2 0.4892578125 0.556640625 0.0390625 0.08203125
0 0.8662109375 0.556640625 0.0380859375 0.07421875
0 0.6552734375 0.68359375 0.0400390625 0.091796875