0 0.3203125 0.33203125 0.017578125 0.029296875
0 0.265625 0.3740234375 0.015625 0.0302734375
0 0.2890625 0.3759765625 0.0166015625 0.033203125
1 0.12109375 0.3818359375 0.0205078125 0.033203125
0 0.166015625 0.3974609375 0.0224609375 0.04296875
1 0.69921875 0.4150390625 0.021484375 0.044921875
1 0.9072265625 0.427734375 0.0224609375 0.0361328125
1 0.763671875 0.44140625 0.0224609375 0.046875
1 0.53125 0.4501953125 0.0244140625 0.0537109375
0 0.9462890625 0.4814453125 0.0283203125 0.0537109375
1 0.58984375 0.4921875 0.0263671875 0.05078125
1 0.708984375 0.5205078125 0.0302734375 0.0537109375
2 0.861328125 0.56640625 0.041015625 0.0732421875
1 0.47265625 0.578125 0.04296875 0.0888671875
0 0.109375 0.6064453125 0.0380859375 0.0849609375
0 0.6552734375 0.6640625 0.0390625 0.1044921875