1 0.6904296875 0.345703125 0.0244140625 0.044921875
1 0.2314453125 0.3525390625 0.0146484375 0.033203125
1 0.291015625 0.37890625 0.0146484375 0.0224609375
1 0.3544921875 0.3916015625 0.0234375 0.0263671875
1 0.9140625 0.4287109375 0.0234375 0.0390625
1 0.509765625 0.447265625 0.02734375 0.048828125
1 0.599609375 0.4853515625 0.0263671875 0.0556640625
1 0.6708984375 0.5048828125 0.0322265625 0.0634765625
0 0.4814453125 0.560546875 0.04296875 0.0810546875
1 0.8388671875 0.5830078125 0.03125 0.0703125
1 0.6298828125 0.6484375 0.0419921875 0.095703125