1 0.318359375 0.333984375 0.01171875 0.01953125
1 0.265625 0.373046875 0.009765625 0.0283203125
0 0.294921875 0.373046875 0.013671875 0.029296875
1 0.1298828125 0.384765625 0.015625 0.033203125
1 0.076171875 0.390625 0.0166015625 0.025390625
0 0.357421875 0.3935546875 0.01171875 0.0244140625
1 0.169921875 0.40625 0.017578125 0.0341796875
0 0.6884765625 0.4091796875 0.021484375 0.0380859375
0 0.7451171875 0.4404296875 0.0185546875 0.048828125
0 0.916015625 0.4521484375 0.02734375 0.0517578125
2 0.5224609375 0.4560546875 0.0234375 0.0439453125
0 0.5888671875 0.4814453125 0.0224609375 0.0458984375
1 0.517578125 0.5341796875 0.0302734375 0.0771484375
1 0.6982421875 0.556640625 0.0302734375 0.0400390625
0 0.869140625 0.56640625 0.0322265625 0.0634765625
1 0.6005859375 0.673828125 0.0478515625 0.083984375