0 0.2900390625 0.3720703125 0.0146484375 0.03125
1 0.087890625 0.3740234375 0.0244140625 0.0419921875
2 0.3583984375 0.3759765625 0.0146484375 0.0283203125
1 0.177734375 0.40234375 0.025390625 0.0419921875
1 0.7001953125 0.4287109375 0.02734375 0.048828125
1 0.908203125 0.4306640625 0.0234375 0.0361328125
0 0.521484375 0.431640625 0.0263671875 0.0517578125
1 0.7646484375 0.447265625 0.0263671875 0.05078125
0 0.9423828125 0.486328125 0.037109375 0.0595703125
1 0.5947265625 0.490234375 0.0244140625 0.05078125
1 0.7138671875 0.5263671875 0.03125 0.05859375
0 0.4853515625 0.5302734375 0.037109375 0.0771484375
0 0.8603515625 0.5732421875 0.0400390625 0.0771484375
1 0.0234375 0.646484375 0.0458984375 0.1005859375
1 0.658203125 0.671875 0.0458984375 0.09765625