1 0.390625 0.3212890625 0.0107421875 0.0166015625
1 0.337890625 0.326171875 0.0126953125 0.0244140625
1 0.4130859375 0.3369140625 0.013671875 0.015625
1 0.4384765625 0.3369140625 0.013671875 0.01953125
1 0.5 0.3505859375 0.0126953125 0.0244140625
1 0.2509765625 0.373046875 0.0166015625 0.0302734375
1 0.2880859375 0.3759765625 0.017578125 0.0283203125
1 0.08203125 0.3798828125 0.0205078125 0.029296875
1 0.3466796875 0.3935546875 0.0087890625 0.0263671875
1 0.1669921875 0.4013671875 0.0185546875 0.0341796875
1 0.7470703125 0.455078125 0.0224609375 0.0419921875
1 0.6103515625 0.5068359375 0.0224609375 0.0498046875
1 0.64453125 0.5224609375 0.025390625 0.0625
1 0.5 0.541015625 0.0322265625 0.080078125
0 0.8486328125 0.5693359375 0.02734375 0.0673828125
1 0.5439453125 0.65625 0.0283203125 0.0908203125