2 0.3154296875 0.337890625 0.0205078125 0.03125
1 0.359375 0.34375 0.017578125 0.0341796875
1 0.2685546875 0.369140625 0.015625 0.0302734375
2 0.0927734375 0.37109375 0.0234375 0.037109375
2 0.1220703125 0.3828125 0.021484375 0.0390625
1 0.359375 0.3935546875 0.017578125 0.03125
1 0.1806640625 0.3994140625 0.0244140625 0.04296875
1 0.703125 0.4150390625 0.0244140625 0.046875
1 0.908203125 0.4296875 0.0224609375 0.03515625
0 0.7568359375 0.4326171875 0.0263671875 0.0546875
1 0.5341796875 0.4658203125 0.0224609375 0.0380859375
1 0.5849609375 0.48046875 0.0244140625 0.0478515625
0 0.939453125 0.48046875 0.0283203125 0.0556640625
1 0.7177734375 0.5400390625 0.029296875 0.0537109375
1 0.5048828125 0.5625 0.03515625 0.08203125
0 0.8623046875 0.57421875 0.037109375 0.076171875
2 0.65234375 0.654296875 0.0478515625 0.1064453125
1 0.025390625 0.662109375 0.05078125 0.08203125