0 0.84765625 0.462890625 0.0205078125 0.0283203125
1 0.291015625 0.498046875 0.0126953125 0.0244140625
0 0.6123046875 0.5009765625 0.015625 0.03125
0 0.6884765625 0.5009765625 0.0185546875 0.0341796875
0 0.751953125 0.5048828125 0.0166015625 0.0361328125
1 0.2646484375 0.529296875 0.0166015625 0.02734375
1 0.3037109375 0.53125 0.0185546875 0.0263671875
2 0.3955078125 0.537109375 0.0205078125 0.041015625
1 0.3251953125 0.5439453125 0.01953125 0.03125
0 0.6953125 0.5625 0.0322265625 0.0498046875
0 0.5458984375 0.5732421875 0.0205078125 0.03515625
0 0.8212890625 0.611328125 0.03125 0.0546875