2 0.3994140625 0.3134765625 0.013671875 0.03515625
0 0.31640625 0.328125 0.0166015625 0.03125
1 0.3466796875 0.341796875 0.017578125 0.03515625
0 0.0927734375 0.3701171875 0.0263671875 0.0439453125
1 0.30078125 0.375 0.0185546875 0.0341796875
1 0.1328125 0.37890625 0.0244140625 0.04296875
1 0.3623046875 0.3955078125 0.01953125 0.033203125
1 0.1494140625 0.40625 0.03125 0.046875
0 0.6845703125 0.4130859375 0.0234375 0.0439453125
1 0.9091796875 0.421875 0.025390625 0.044921875
0 0.76171875 0.4306640625 0.0263671875 0.056640625
1 0.5283203125 0.451171875 0.0283203125 0.052734375
0 0.921875 0.4599609375 0.03125 0.0595703125
1 0.5927734375 0.48828125 0.03125 0.060546875
1 0.712890625 0.5224609375 0.03515625 0.0703125
1 0.4990234375 0.5400390625 0.04296875 0.09765625
1 0.8642578125 0.5791015625 0.04296875 0.083984375
1 0.033203125 0.64453125 0.06640625 0.09375
2 0.65234375 0.6630859375 0.044921875 0.1015625
0 0.2138671875 0.751953125 0.07421875 0.099609375