1 0.3876953125 0.3203125 0.0126953125 0.021484375
1 0.3193359375 0.328125 0.015625 0.029296875
1 0.4345703125 0.3291015625 0.0126953125 0.0263671875
1 0.455078125 0.3369140625 0.013671875 0.021484375
1 0.3603515625 0.345703125 0.0166015625 0.03515625
1 0.4990234375 0.3486328125 0.0146484375 0.0322265625
1 0.240234375 0.3740234375 0.0146484375 0.0341796875
1 0.126953125 0.3779296875 0.01953125 0.0341796875
1 0.28125 0.3818359375 0.017578125 0.029296875
1 0.0810546875 0.3896484375 0.0244140625 0.0361328125
1 0.3515625 0.3955078125 0.013671875 0.03125
1 0.1611328125 0.3955078125 0.0234375 0.041015625
1 0.908203125 0.419921875 0.0224609375 0.044921875
1 0.7666015625 0.4404296875 0.02734375 0.068359375
1 0.94921875 0.4609375 0.0361328125 0.060546875
1 0.59765625 0.48828125 0.0283203125 0.056640625
1 0.7197265625 0.501953125 0.0361328125 0.064453125
1 0.853515625 0.5478515625 0.0380859375 0.078125
1 0.48046875 0.580078125 0.0380859375 0.0810546875
1 0.6494140625 0.654296875 0.041015625 0.09765625