1 0.1318359375 0.3779296875 0.0205078125 0.0361328125
1 0.0751953125 0.3779296875 0.0234375 0.0322265625
1 0.255859375 0.37890625 0.017578125 0.0302734375
0 0.3046875 0.3837890625 0.013671875 0.0322265625
1 0.15625 0.3935546875 0.0234375 0.0458984375
0 0.345703125 0.39453125 0.01171875 0.0263671875
1 0.693359375 0.4267578125 0.021484375 0.0380859375
0 0.751953125 0.443359375 0.021484375 0.044921875
0 0.5361328125 0.4453125 0.0234375 0.0546875
2 0.90625 0.4482421875 0.0302734375 0.0634765625
1 0.58984375 0.5048828125 0.0244140625 0.0439453125
1 0.712890625 0.5244140625 0.0263671875 0.056640625
2 0.876953125 0.546875 0.0380859375 0.0703125
1 0.4609375 0.5869140625 0.0439453125 0.0830078125
1 0.0439453125 0.6591796875 0.0546875 0.08203125
0 0.5859375 0.6826171875 0.04296875 0.103515625