1 0.3173828125 0.3310546875 0.01171875 0.0234375
0 0.0712890625 0.37109375 0.017578125 0.0322265625
1 0.2734375 0.3740234375 0.0126953125 0.0322265625
0 0.130859375 0.384765625 0.0185546875 0.033203125
0 0.169921875 0.3984375 0.0166015625 0.0390625
0 0.9052734375 0.4228515625 0.01953125 0.033203125
1 0.6826171875 0.4423828125 0.01953125 0.041015625
1 0.7666015625 0.443359375 0.0234375 0.044921875
0 0.509765625 0.4560546875 0.021484375 0.0400390625
1 0.92578125 0.462890625 0.0283203125 0.0576171875
1 0.5888671875 0.5048828125 0.0263671875 0.0400390625
1 0.708984375 0.541015625 0.0263671875 0.046875
0 0.8515625 0.5576171875 0.033203125 0.06640625
1 0.4658203125 0.6083984375 0.0390625 0.0673828125
1 0.0283203125 0.654296875 0.0439453125 0.0830078125
1 0.59375 0.6728515625 0.041015625 0.099609375
1 0.2216796875 0.7880859375 0.04296875 0.0537109375