1 0.3828125 0.322265625 0.0107421875 0.01953125
1 0.3251953125 0.330078125 0.009765625 0.0234375
1 0.42578125 0.33203125 0.0126953125 0.01953125
1 0.458984375 0.337890625 0.015625 0.021484375
1 0.505859375 0.34765625 0.013671875 0.0185546875
1 0.361328125 0.3486328125 0.013671875 0.0283203125
1 0.212890625 0.353515625 0.013671875 0.0205078125
1 0.1650390625 0.37109375 0.0263671875 0.0458984375
1 0.244140625 0.375 0.0078125 0.02734375
1 0.287109375 0.376953125 0.0146484375 0.02734375
1 0.080078125 0.3779296875 0.0205078125 0.0283203125
1 0.12109375 0.380859375 0.01953125 0.03125
1 0.3466796875 0.392578125 0.0087890625 0.025390625
1 0.908203125 0.43359375 0.021484375 0.02734375
1 0.76953125 0.44921875 0.0244140625 0.0478515625
1 0.59765625 0.48828125 0.0283203125 0.0478515625
1 0.6923828125 0.5009765625 0.0244140625 0.0556640625
1 0.849609375 0.5693359375 0.0361328125 0.0712890625
1 0.470703125 0.599609375 0.0419921875 0.076171875
1 0.650390625 0.654296875 0.03515625 0.0869140625