1 0.3232421875 0.33203125 0.0185546875 0.03125
0 0.365234375 0.33984375 0.015625 0.0341796875
0 0.2998046875 0.3701171875 0.0166015625 0.033203125
0 0.271484375 0.3720703125 0.0126953125 0.033203125
0 0.357421875 0.3916015625 0.015625 0.0302734375
0 0.1298828125 0.408203125 0.0234375 0.04296875
0 0.6962890625 0.419921875 0.0244140625 0.0458984375
0 0.5302734375 0.4453125 0.025390625 0.056640625
1 0.7763671875 0.458984375 0.029296875 0.0546875
0 0.9423828125 0.4794921875 0.0322265625 0.0693359375
1 0.5927734375 0.4892578125 0.02734375 0.0517578125
1 0.708984375 0.55859375 0.03515625 0.0517578125
0 0.869140625 0.55859375 0.0341796875 0.0703125
1 0.470703125 0.576171875 0.037109375 0.0810546875
1 0.6513671875 0.6748046875 0.0361328125 0.1181640625