0 0.1982421875 0.3388671875 0.033203125 0.0595703125
0 0.4560546875 0.3427734375 0.0361328125 0.0771484375
0 0.0830078125 0.3466796875 0.0302734375 0.060546875
0 0.6083984375 0.35546875 0.0380859375 0.064453125
0 0.8564453125 0.404296875 0.05078125 0.1123046875
0 0.3349609375 0.4052734375 0.0400390625 0.068359375
0 0.66796875 0.4697265625 0.046875 0.1201171875
1 0.365234375 0.49609375 0.033203125 0.103515625
0 0.5224609375 0.5068359375 0.046875 0.1064453125
0 0.0654296875 0.564453125 0.0419921875 0.080078125
1 0.1767578125 0.578125 0.044921875 0.076171875
0 0.24609375 0.6201171875 0.0517578125 0.125
0 0.4443359375 0.6259765625 0.0537109375 0.1279296875
0 0.765625 0.205078125 0.033203125 0.05859375
2 0.9091796875 0.208984375 0.0380859375 0.0595703125
0 0.83203125 0.248046875 0.0380859375 0.0654296875
0 0.3154296875 0.2578125 0.02734375 0.041015625
0 0.587890625 0.263671875 0.0439453125 0.056640625
0 0.697265625 0.275390625 0.033203125 0.0615234375
0 0.3857421875 0.296875 0.03125 0.056640625
1 0.28125 0.314453125 0.0302734375 0.05078125